Points_0,Points_1,Points_2,Pressure_Coefficient
1,0,0,0.0915704
0.998654,0.000194975,0,0.101866
0.997309,0.000390634,0,0.102522
0.995963,0.000585561,0,0.0961189
0.994617,0.000779617,0,0.093989
0.993272,0.000973484,0,0.0928215
0.991926,0.00116744,0,0.092141
0.99058,0.00136111,0,0.0916626
0.989234,0.0015543,0,0.0910824
0.987888,0.001747,0,0.0904474
0.986542,0.00193928,0,0.0897926
0.985196,0.00213123,0,0.0890976
0.98385,0.00232296,0,0.0884152
0.982504,0.0025145,0,0.0877393
0.981157,0.00270573,0,0.0870469
0.979811,0.00289654,0,0.0864023
0.978465,0.00308689,0,0.0857157
0.977119,0.00327687,0,0.0850466
0.975772,0.00346661,0,0.084367
0.974426,0.0036562,0,0.0836875
0.973079,0.00384561,0,0.0830043
0.971733,0.00403475,0,0.0823065
0.970386,0.00422352,0,0.0816396
0.96904,0.00441184,0,0.080923
0.967693,0.00459975,0,0.0802537
0.966346,0.00478729,0,0.0795217
0.965,0.0049745,0,0.0788435
0.963653,0.00516142,0,0.0781258
0.962306,0.00534807,0,0.0774222
0.960959,0.00553444,0,0.0767082
0.959612,0.00572054,0,0.0760048
0.958265,0.00590635,0,0.0752706
0.956918,0.00609189,0,0.0745523
0.955571,0.00627712,0,0.0738369
0.954224,0.00646204,0,0.0730739
0.952877,0.00664662,0,0.0723821
0.95153,0.00683087,0,0.0716102
0.950183,0.00701476,0,0.070872
0.948835,0.00719833,0,0.0701329
0.947488,0.00738157,0,0.0693819
0.946141,0.0075645,0,0.0686076
0.944793,0.00774713,0,0.0678956
0.943446,0.00792947,0,0.067091
0.942099,0.00811152,0,0.0663488
0.940751,0.0082933,0,0.0655744
0.939404,0.0084748,0,0.0647757
0.938056,0.00865603,0,0.0640206
0.936708,0.00883701,0,0.0632229
0.935361,0.0090177,0,0.0624418
0.934013,0.0091981,0,0.0616492
0.932665,0.00937819,0,0.0608445
0.931318,0.00955795,0,0.0600563
0.92997,0.00973737,0,0.059243
0.928622,0.00991644,0,0.0584336
0.927274,0.0100952,0,0.0576415
0.925926,0.0102736,0,0.0568145
0.924578,0.0104517,0,0.0559995
0.92323,0.0106295,0,0.0551768
0.921882,0.0108071,0,0.0543601
0.920534,0.0109844,0,0.0535134
0.919186,0.0111615,0,0.0527007
0.917838,0.0113383,0,0.0518275
0.916489,0.0115148,0,0.0509897
0.915141,0.0116911,0,0.0501178
0.913793,0.011867,0,0.0492508
0.912445,0.0120427,0,0.0483886
0.911096,0.0122181,0,0.0475149
0.909748,0.0123932,0,0.0466544
0.9084,0.012568,0,0.0457768
0.907051,0.0127425,0,0.0449369
0.905703,0.0129168,0,0.0440268
0.904354,0.0130908,0,0.0431705
0.903006,0.0132646,0,0.0422678
0.901657,0.0134381,0,0.0413805
0.900308,0.0136113,0,0.0405161
0.89896,0.0137842,0,0.0395796
0.897611,0.0139567,0,0.0387175
0.896262,0.014129,0,0.0377755
0.894913,0.014301,0,0.0368901
0.893565,0.0144726,0,0.0359781
0.892216,0.0146438,0,0.0350521
0.890867,0.0148148,0,0.0341382
0.889518,0.0149855,0,0.0332104
0.888169,0.0151559,0,0.032278
0.88682,0.0153261,0,0.0313425
0.885471,0.0154961,0,0.0304133
0.884122,0.0156658,0,0.0294582
0.882773,0.0158353,0,0.0285129
0.881424,0.0160046,0,0.0275659
0.880075,0.0161736,0,0.0265942
0.878725,0.0163424,0,0.0256626
0.877376,0.0165109,0,0.024663
0.876027,0.0166791,0,0.0237229
0.874678,0.0168471,0,0.0227525
0.873328,0.0170147,0,0.0217726
0.871979,0.017182,0,0.0208132
0.870629,0.0173491,0,0.0198325
0.86928,0.0175158,0,0.0188532
0.867931,0.0176822,0,0.0178584
0.866581,0.0178484,0,0.0168828
0.865231,0.0180143,0,0.0158697
0.863882,0.0181798,0,0.01489
0.862532,0.0183451,0,0.0138935
0.861183,0.0185101,0,0.0128801
0.859833,0.0186749,0,0.0118776
0.858483,0.0188394,0,0.0108583
0.857134,0.0190036,0,0.00985688
0.855784,0.0191676,0,0.0088128
0.854434,0.0193313,0,0.00783101
0.853084,0.0194948,0,0.00675699
0.851734,0.019658,0,0.00576882
0.850384,0.019821,0,0.00473381
0.849034,0.0199838,0,0.00366174
0.847684,0.0201463,0,0.0026804
0.846334,0.0203086,0,0.00159111
0.844984,0.0204706,0,0.000566708
0.843634,0.0206323,0,-0.000469438
0.842284,0.0207938,0,-0.00154063
0.840934,0.020955,0,-0.00258854
0.839584,0.0211159,0,-0.00364432
0.838234,0.0212765,0,-0.00471991
0.836884,0.0214369,0,-0.00578276
0.835533,0.021597,0,-0.00686363
0.834183,0.0217568,0,-0.00794177
0.832833,0.0219163,0,-0.00901474
0.831483,0.0220756,0,-0.0101026
0.830132,0.0222347,0,-0.0112013
0.828782,0.0223934,0,-0.0122591
0.827431,0.0225519,0,-0.0133932
0.826081,0.0227101,0,-0.0144577
0.82473,0.0228681,0,-0.0155775
0.82338,0.0230258,0,-0.0166778
0.822029,0.0231833,0,-0.017778
0.820679,0.0233405,0,-0.0188931
0.819328,0.0234975,0,-0.0200116
0.817977,0.0236542,0,-0.0211129
0.816627,0.0238107,0,-0.0222397
0.815276,0.0239669,0,-0.0233699
0.813925,0.0241229,0,-0.0244625
0.812575,0.0242786,0,-0.025625
0.811224,0.0244341,0,-0.0267345
0.809873,0.0245893,0,-0.0278774
0.808522,0.0247443,0,-0.0290095
0.807171,0.024899,0,-0.0301556
0.80582,0.0250534,0,-0.0313069
0.80447,0.0252075,0,-0.0324478
0.803119,0.0253614,0,-0.0336159
0.801768,0.025515,0,-0.0347513
0.800417,0.0256684,0,-0.0359333
0.799065,0.0258215,0,-0.0370906
0.797714,0.0259743,0,-0.0382397
0.796363,0.0261268,0,-0.0394594
0.795012,0.0262791,0,-0.0405802
0.793661,0.0264311,0,-0.0418008
0.79231,0.0265828,0,-0.0429709
0.790959,0.0267343,0,-0.0441521
0.789607,0.0268855,0,-0.0453621
0.788256,0.0270364,0,-0.0465218
0.786905,0.0271871,0,-0.0477491
0.785553,0.0273375,0,-0.048937
0.784202,0.0274877,0,-0.0501488
0.782851,0.0276377,0,-0.0513554
0.781499,0.0277874,0,-0.0525709
0.780148,0.0279369,0,-0.0537637
0.778796,0.0280862,0,-0.0550177
0.777445,0.0282352,0,-0.0562144
0.776093,0.028384,0,-0.0574668
0.774742,0.0285325,0,-0.0586991
0.77339,0.0286808,0,-0.059947
0.772038,0.0288288,0,-0.0611715
0.770687,0.0289766,0,-0.0624528
0.769335,0.0291241,0,-0.0636614
0.767983,0.0292713,0,-0.0649223
0.766632,0.0294183,0,-0.0661955
0.76528,0.029565,0,-0.0674292
0.763928,0.0297114,0,-0.068678
0.762576,0.0298576,0,-0.0699535
0.761224,0.0300034,0,-0.0712113
0.759872,0.0301491,0,-0.0724608
0.758521,0.0302944,0,-0.0737476
0.757169,0.0304395,0,-0.0749973
0.755817,0.0305844,0,-0.076286
0.754465,0.030729,0,-0.0775533
0.753113,0.0308734,0,-0.0788176
0.751761,0.0310175,0,-0.0801138
0.750409,0.0311614,0,-0.0813884
0.749056,0.031305,0,-0.0826785
0.747704,0.0314483,0,-0.0839707
0.746352,0.0315914,0,-0.0852671
0.745,0.0317342,0,-0.0865652
0.743648,0.0318768,0,-0.0878809
0.742296,0.032019,0,-0.0891712
0.740943,0.032161,0,-0.0904973
0.739591,0.0323028,0,-0.0918085
0.738239,0.0324442,0,-0.0931376
0.736886,0.0325854,0,-0.0944373
0.735534,0.0327263,0,-0.0957901
0.734182,0.0328669,0,-0.0971021
0.732829,0.0330073,0,-0.0984717
0.731477,0.0331474,0,-0.0997767
0.730124,0.0332873,0,-0.101162
0.728772,0.033427,0,-0.102502
0.727419,0.0335663,0,-0.103858
0.726067,0.0337055,0,-0.105216
0.724714,0.0338444,0,-0.106596
0.723361,0.0339831,0,-0.107949
0.722009,0.0341215,0,-0.109317
0.720656,0.0342597,0,-0.110707
0.719303,0.0343976,0,-0.112061
0.717951,0.0345353,0,-0.113467
0.716598,0.0346727,0,-0.114857
0.715245,0.0348098,0,-0.116242
0.713892,0.0349467,0,-0.117664
0.71254,0.0350834,0,-0.119044
0.711187,0.0352197,0,-0.120475
0.709834,0.0353558,0,-0.121874
0.708481,0.0354917,0,-0.123282
0.707128,0.0356272,0,-0.124717
0.705775,0.0357625,0,-0.126128
0.704422,0.0358976,0,-0.127568
0.703069,0.0360323,0,-0.128992
0.701716,0.0361668,0,-0.130449
0.700363,0.036301,0,-0.131887
0.69901,0.0364349,0,-0.13334
0.697657,0.0365686,0,-0.134807
0.696304,0.0367019,0,-0.136259
0.694951,0.036835,0,-0.137751
0.693597,0.0369678,0,-0.139206
0.692244,0.0371004,0,-0.140684
0.690891,0.0372326,0,-0.142186
0.689538,0.0373646,0,-0.143617
0.688184,0.0374964,0,-0.145168
0.686831,0.0376278,0,-0.146618
0.685478,0.037759,0,-0.148134
0.684124,0.03789,0,-0.14963
0.682771,0.0380207,0,-0.151146
0.681417,0.0381511,0,-0.152669
0.680064,0.0382813,0,-0.154185
0.67871,0.0384111,0,-0.155739
0.677357,0.0385408,0,-0.157252
0.676003,0.0386701,0,-0.158835
0.67465,0.0387992,0,-0.160368
0.673296,0.038928,0,-0.161933
0.671943,0.0390565,0,-0.163495
0.670589,0.0391847,0,-0.165077
0.669235,0.0393126,0,-0.166665
0.667882,0.0394403,0,-0.168223
0.666528,0.0395676,0,-0.169858
0.665174,0.0396947,0,-0.17143
0.66382,0.0398215,0,-0.173072
0.662467,0.039948,0,-0.174699
0.661113,0.0400742,0,-0.176305
0.659759,0.0402001,0,-0.177983
0.658405,0.0403258,0,-0.179613
0.657051,0.0404512,0,-0.181278
0.655697,0.0405763,0,-0.182957
0.654343,0.0407012,0,-0.184619
0.652989,0.0408258,0,-0.186364
0.651635,0.0409501,0,-0.187993
0.650281,0.0410741,0,-0.189781
0.648927,0.0411979,0,-0.191467
0.647573,0.0413214,0,-0.193208
0.646219,0.0414446,0,-0.194966
0.644865,0.0415675,0,-0.196723
0.643511,0.0416901,0,-0.198477
0.642156,0.0418125,0,-0.200274
0.640802,0.0419345,0,-0.202009
0.639448,0.0420563,0,-0.203799
0.638094,0.0421778,0,-0.205605
0.636739,0.042299,0,-0.207349
0.635385,0.0424199,0,-0.209198
0.634031,0.0425404,0,-0.21098
0.632676,0.0426607,0,-0.212837
0.631322,0.0427807,0,-0.214627
0.629968,0.0429004,0,-0.216528
0.628613,0.0430198,0,-0.218322
0.627259,0.0431389,0,-0.220242
0.625904,0.0432577,0,-0.222096
0.62455,0.0433761,0,-0.223995
0.623195,0.0434943,0,-0.225921
0.621841,0.0436121,0,-0.22783
0.620486,0.0437297,0,-0.229779
0.619131,0.0438469,0,-0.23173
0.617777,0.0439639,0,-0.233642
0.616422,0.0440805,0,-0.23566
0.615067,0.0441968,0,-0.237604
0.613713,0.0443128,0,-0.239627
0.612358,0.0444286,0,-0.241614
0.611003,0.044544,0,-0.243632
0.609648,0.0446591,0,-0.245654
0.608293,0.044774,0,-0.247705
0.606938,0.0448885,0,-0.249746
0.605584,0.0450027,0,-0.25183
0.604229,0.0451167,0,-0.253936
0.602874,0.0452303,0,-0.25599
0.601519,0.0453436,0,-0.258111
0.600164,0.0454566,0,-0.260217
0.598809,0.0455693,0,-0.262323
0.597454,0.0456817,0,-0.264478
0.596099,0.0457937,0,-0.266656
0.594743,0.0459054,0,-0.268824
0.593388,0.0460169,0,-0.271062
0.592033,0.0461279,0,-0.273251
0.590678,0.0462387,0,-0.275541
0.589323,0.0463491,0,-0.277757
0.587968,0.0464593,0,-0.280028
0.586612,0.046569,0,-0.282313
0.585257,0.0466785,0,-0.28462
0.583902,0.0467877,0,-0.286962
0.582546,0.0468965,0,-0.289277
0.581191,0.047005,0,-0.291661
0.579836,0.0471132,0,-0.293947
0.57848,0.0472211,0,-0.296389
0.577125,0.0473286,0,-0.298727
0.575769,0.0474359,0,-0.301155
0.574414,0.0475428,0,-0.303571
0.573058,0.0476494,0,-0.305981
0.571703,0.0477556,0,-0.30848
0.570347,0.0478616,0,-0.310896
0.568992,0.0479671,0,-0.313444
0.567636,0.0480723,0,-0.315862
0.56628,0.0481772,0,-0.318386
0.564925,0.0482817,0,-0.320855
0.563569,0.0483859,0,-0.323417
0.562213,0.0484897,0,-0.325956
0.560857,0.0485931,0,-0.32846
0.559502,0.0486962,0,-0.331115
0.558146,0.0487989,0,-0.333649
0.55679,0.0489013,0,-0.33627
0.555434,0.0490033,0,-0.338902
0.554078,0.0491049,0,-0.341482
0.552722,0.0492062,0,-0.344203
0.551366,0.0493072,0,-0.346863
0.55001,0.0494078,0,-0.349535
0.548654,0.0495081,0,-0.352294
0.547298,0.049608,0,-0.355082
0.545942,0.0497076,0,-0.357872
0.544586,0.0498069,0,-0.360701
0.54323,0.0499059,0,-0.363518
0.541874,0.0500045,0,-0.366326
0.540518,0.0501027,0,-0.369141
0.539162,0.0502006,0,-0.371937
0.537806,0.0502981,0,-0.374759
0.536449,0.0503953,0,-0.377517
0.535093,0.0504921,0,-0.380443
0.533737,0.0505885,0,-0.383235
0.532381,0.0506845,0,-0.386259
0.531024,0.0507801,0,-0.389143
0.529668,0.0508753,0,-0.392187
0.528311,0.0509701,0,-0.395237
0.526955,0.0510646,0,-0.398241
0.525599,0.0511586,0,-0.401356
0.524242,0.0512523,0,-0.404372
0.522886,0.0513455,0,-0.407543
0.521529,0.0514384,0,-0.410662
0.520173,0.0515309,0,-0.413753
0.518816,0.0516231,0,-0.417054
0.517459,0.0517149,0,-0.420197
0.516103,0.0518063,0,-0.423541
0.514746,0.0518973,0,-0.426783
0.513389,0.051988,0,-0.430033
0.512033,0.0520783,0,-0.433359
0.510676,0.0521682,0,-0.436656
0.509319,0.0522578,0,-0.439878
0.507963,0.0523469,0,-0.443276
0.506606,0.0524357,0,-0.446512
0.505249,0.052524,0,-0.449877
0.503892,0.052612,0,-0.453184
0.502535,0.0526996,0,-0.456517
0.501178,0.0527867,0,-0.459963
0.499821,0.0528734,0,-0.46345
0.498464,0.0529597,0,-0.467007
0.497107,0.0530455,0,-0.470617
0.49575,0.053131,0,-0.474092
0.494393,0.053216,0,-0.477807
0.493036,0.0533006,0,-0.481273
0.491679,0.0533847,0,-0.48493
0.490322,0.0534684,0,-0.488395
0.488965,0.0535517,0,-0.491857
0.487608,0.0536346,0,-0.495423
0.486251,0.053717,0,-0.498947
0.484893,0.053799,0,-0.502544
0.483536,0.0538806,0,-0.50608
0.482179,0.0539617,0,-0.509554
0.480821,0.0540424,0,-0.51319
0.479464,0.0541226,0,-0.516698
0.478107,0.0542025,0,-0.520395
0.476749,0.0542819,0,-0.523996
0.475392,0.0543608,0,-0.527667
0.474035,0.0544393,0,-0.531342
0.472677,0.0545174,0,-0.53502
0.47132,0.0545951,0,-0.538663
0.469962,0.0546723,0,-0.542163
0.468605,0.054749,0,-0.54582
0.467247,0.0548253,0,-0.549421
0.465889,0.0549012,0,-0.553049
0.464532,0.0549767,0,-0.556858
0.463174,0.0550517,0,-0.560568
0.461817,0.0551262,0,-0.564469
0.460459,0.0552003,0,-0.568305
0.459101,0.0552739,0,-0.572209
0.457743,0.0553471,0,-0.57606
0.456386,0.0554198,0,-0.579936
0.455028,0.0554921,0,-0.583727
0.45367,0.0555639,0,-0.587578
0.452312,0.0556352,0,-0.59135
0.450954,0.0557061,0,-0.595122
0.449597,0.0557765,0,-0.598625
0.448239,0.0558464,0,-0.602288
0.446881,0.0559158,0,-0.605705
0.445523,0.0559848,0,-0.609111
0.444165,0.0560532,0,-0.612754
0.442807,0.0561212,0,-0.616152
0.441449,0.0561887,0,-0.619916
0.440091,0.0562556,0,-0.623426
0.438733,0.0563221,0,-0.627114
0.437375,0.056388,0,-0.630774
0.436016,0.0564534,0,-0.634496
0.434658,0.0565183,0,-0.638345
0.4333,0.0565827,0,-0.642058
0.431942,0.0566465,0,-0.645783
0.430584,0.0567099,0,-0.649265
0.429225,0.0567727,0,-0.652599
0.427867,0.0568351,0,-0.65609
0.426509,0.0568969,0,-0.659536
0.425151,0.0569582,0,-0.663231
0.423792,0.057019,0,-0.666876
0.422434,0.0570793,0,-0.670608
0.421076,0.0571391,0,-0.674186
0.419717,0.0571984,0,-0.678105
0.418359,0.0572571,0,-0.681829
0.417,0.0573154,0,-0.685544
0.415642,0.0573731,0,-0.689207
0.414283,0.0574303,0,-0.692678
0.412925,0.057487,0,-0.696153
0.411566,0.0575431,0,-0.699411
0.410208,0.0575986,0,-0.70266
0.408849,0.0576537,0,-0.706021
0.40749,0.0577081,0,-0.709424
0.406132,0.057762,0,-0.712398
0.404773,0.0578153,0,-0.715279
0.403414,0.0578681,0,-0.717631
0.402056,0.0579202,0,-0.720095
0.400697,0.0579718,0,-0.721877
0.399338,0.0580229,0,-0.724236
0.39798,0.0580733,0,-0.726411
0.396621,0.0581232,0,-0.728844
0.395262,0.0581725,0,-0.731467
0.393903,0.0582213,0,-0.733968
0.392544,0.0582695,0,-0.736615
0.391185,0.058317,0,-0.739412
0.389827,0.0583641,0,-0.742745
0.388468,0.0584105,0,-0.74598
0.387109,0.0584564,0,-0.749878
0.38575,0.0585016,0,-0.754259
0.384391,0.0585463,0,-0.758535
0.383032,0.0585904,0,-0.763495
0.381673,0.0586339,0,-0.768473
0.380314,0.0586767,0,-0.773469
0.378955,0.058719,0,-0.778776
0.377596,0.0587606,0,-0.783967
0.376237,0.0588016,0,-0.789599
0.374878,0.058842,0,-0.795206
0.373518,0.0588818,0,-0.801431
0.372159,0.0589209,0,-0.807902
0.3708,0.0589594,0,-0.815025
0.369441,0.0589972,0,-0.822647
0.368082,0.0590344,0,-0.831048
0.366723,0.059071,0,-0.840202
0.365363,0.0591069,0,-0.850304
0.364004,0.0591421,0,-0.86155
0.362645,0.0591768,0,-0.87413
0.361286,0.0592108,0,-0.888407
0.359926,0.0592441,0,-0.904812
0.358567,0.0592768,0,-0.923854
0.357208,0.0593088,0,-0.946302
0.355848,0.0593402,0,-0.973136
0.354489,0.0593709,0,-1.0055
0.35313,0.0594009,0,-1.04472
0.35177,0.0594302,0,-1.09228
0.350411,0.0594589,0,-1.14936
0.349051,0.0594869,0,-1.21606
0.347692,0.0595143,0,-1.2915
0.346333,0.0595409,0,-1.36669
0.344973,0.0595668,0,-1.42879
0.343614,0.0595921,0,-1.47144
0.342254,0.0596166,0,-1.49644
0.340895,0.0596404,0,-1.50913
0.339535,0.0596635,0,-1.51474
0.338176,0.0596859,0,-1.51683
0.336816,0.0597076,0,-1.51738
0.335457,0.0597286,0,-1.51732
0.334097,0.0597488,0,-1.517
0.332737,0.0597683,0,-1.5166
0.331378,0.059787,0,-1.51615
0.330018,0.059805,0,-1.51568
0.328659,0.0598223,0,-1.5152
0.327299,0.0598388,0,-1.51471
0.325939,0.0598545,0,-1.51424
0.32458,0.0598695,0,-1.51378
0.32322,0.0598837,0,-1.51334
0.321861,0.0598972,0,-1.51288
0.320501,0.0599099,0,-1.51241
0.319141,0.0599219,0,-1.51195
0.317782,0.0599331,0,-1.51151
0.316422,0.0599435,0,-1.5111
0.315062,0.0599531,0,-1.51073
0.313703,0.059962,0,-1.5104
0.312343,0.0599701,0,-1.51007
0.310983,0.0599774,0,-1.5097
0.309624,0.0599839,0,-1.50929
0.308264,0.0599896,0,-1.50879
0.306904,0.0599945,0,-1.50824
0.305545,0.0599986,0,-1.5077
0.304185,0.0600019,0,-1.50724
0.302825,0.0600044,0,-1.50682
0.301465,0.060006,0,-1.50637
0.300106,0.0600067,0,-1.50585
0.298746,0.0600067,0,-1.5053
0.297386,0.0600057,0,-1.50477
0.296027,0.060004,0,-1.50422
0.294667,0.0600013,0,-1.50362
0.293307,0.0599978,0,-1.50299
0.291948,0.0599935,0,-1.50232
0.290588,0.0599883,0,-1.50164
0.289228,0.0599822,0,-1.50103
0.287869,0.0599753,0,-1.50044
0.286509,0.0599674,0,-1.49981
0.285149,0.0599587,0,-1.49912
0.28379,0.0599491,0,-1.49842
0.28243,0.0599387,0,-1.49775
0.28107,0.0599273,0,-1.4971
0.279711,0.059915,0,-1.49647
0.278351,0.0599018,0,-1.49581
0.276991,0.0598877,0,-1.49512
0.275632,0.0598727,0,-1.49443
0.274272,0.0598567,0,-1.49375
0.272913,0.0598398,0,-1.4931
0.271553,0.059822,0,-1.49243
0.270193,0.0598032,0,-1.49173
0.268834,0.0597835,0,-1.49101
0.267474,0.0597628,0,-1.49029
0.266115,0.0597411,0,-1.48955
0.264755,0.0597184,0,-1.4888
0.263396,0.0596948,0,-1.48803
0.262036,0.0596702,0,-1.48722
0.260677,0.0596445,0,-1.4864
0.259317,0.0596179,0,-1.48563
0.257958,0.0595902,0,-1.48492
0.256599,0.0595616,0,-1.48422
0.255239,0.0595319,0,-1.4835
0.25388,0.0595011,0,-1.48279
0.252521,0.0594694,0,-1.48214
0.251161,0.0594365,0,-1.48153
0.249802,0.0594027,0,-1.48094
0.248443,0.0593678,0,-1.48032
0.247083,0.0593318,0,-1.47968
0.245724,0.0592948,0,-1.47903
0.244365,0.0592567,0,-1.47838
0.243006,0.0592175,0,-1.47773
0.241647,0.0591773,0,-1.47707
0.240288,0.059136,0,-1.47643
0.238929,0.0590935,0,-1.47579
0.23757,0.05905,0,-1.47515
0.236211,0.0590054,0,-1.47449
0.234852,0.0589596,0,-1.47386
0.233493,0.0589127,0,-1.47327
0.232134,0.0588647,0,-1.47267
0.230775,0.0588155,0,-1.47205
0.229417,0.0587652,0,-1.47139
0.228058,0.0587137,0,-1.47069
0.226699,0.058661,0,-1.46994
0.22534,0.0586072,0,-1.46913
0.223982,0.0585521,0,-1.46825
0.222623,0.0584959,0,-1.46731
0.221265,0.0584384,0,-1.46636
0.219906,0.0583797,0,-1.46545
0.218548,0.0583198,0,-1.46458
0.21719,0.0582586,0,-1.46374
0.215831,0.0581962,0,-1.46291
0.214473,0.0581325,0,-1.46213
0.213115,0.0580675,0,-1.46139
0.211757,0.0580013,0,-1.46065
0.210399,0.0579338,0,-1.45987
0.209041,0.057865,0,-1.45899
0.207683,0.057795,0,-1.45804
0.206325,0.0577236,0,-1.45708
0.204968,0.0576509,0,-1.45612
0.20361,0.057577,0,-1.45513
0.202252,0.0575016,0,-1.45411
0.200895,0.057425,0,-1.45307
0.199537,0.057347,0,-1.45201
0.19818,0.0572676,0,-1.45093
0.196823,0.0571868,0,-1.44985
0.195465,0.0571046,0,-1.44877
0.194108,0.0570211,0,-1.4477
0.192751,0.056936,0,-1.44669
0.191394,0.0568496,0,-1.44574
0.190037,0.0567617,0,-1.4448
0.188681,0.0566723,0,-1.44383
0.187324,0.0565814,0,-1.44284
0.185967,0.0564891,0,-1.44182
0.184611,0.0563953,0,-1.44073
0.183255,0.0562999,0,-1.4396
0.181898,0.0562031,0,-1.43843
0.180542,0.0561047,0,-1.4372
0.179186,0.0560048,0,-1.43593
0.17783,0.0559034,0,-1.43463
0.176475,0.0558004,0,-1.43335
0.175119,0.0556958,0,-1.43211
0.173763,0.0555896,0,-1.43086
0.172408,0.0554818,0,-1.42959
0.171053,0.0553723,0,-1.42834
0.169697,0.0552612,0,-1.4271
0.168342,0.0551485,0,-1.42589
0.166988,0.0550341,0,-1.4247
0.165633,0.054918,0,-1.42354
0.164278,0.0548002,0,-1.42236
0.162924,0.0546808,0,-1.42113
0.16157,0.0545595,0,-1.41982
0.160215,0.0544366,0,-1.41842
0.158861,0.0543119,0,-1.41693
0.157508,0.0541855,0,-1.41537
0.156154,0.0540573,0,-1.41372
0.154801,0.0539273,0,-1.412
0.153447,0.0537954,0,-1.41028
0.152094,0.0536617,0,-1.40863
0.150741,0.0535262,0,-1.40702
0.149388,0.0533887,0,-1.40535
0.148036,0.0532493,0,-1.4036
0.146684,0.0531079,0,-1.40179
0.145331,0.0529646,0,-1.39992
0.14398,0.0528192,0,-1.39802
0.142628,0.0526719,0,-1.39612
0.141276,0.0525225,0,-1.39422
0.139925,0.052371,0,-1.39232
0.138574,0.0522174,0,-1.39041
0.137223,0.0520618,0,-1.38856
0.135873,0.051904,0,-1.38675
0.134523,0.0517442,0,-1.38497
0.133173,0.0515821,0,-1.38319
0.131823,0.051418,0,-1.38137
0.130473,0.0512516,0,-1.37955
0.129124,0.051083,0,-1.37773
0.127775,0.0509121,0,-1.37594
0.126427,0.050739,0,-1.37418
0.125078,0.0505636,0,-1.37243
0.12373,0.0503859,0,-1.37066
0.122383,0.0502058,0,-1.36883
0.121035,0.0500234,0,-1.36695
0.119688,0.0498385,0,-1.36505
0.118341,0.0496512,0,-1.36321
0.116995,0.0494614,0,-1.36141
0.115649,0.049269,0,-1.35956
0.114303,0.049074,0,-1.35765
0.112958,0.0488764,0,-1.35574
0.111613,0.0486761,0,-1.35383
0.110269,0.0484732,0,-1.35185
0.108925,0.0482675,0,-1.34984
0.107581,0.048059,0,-1.34779
0.106238,0.0478478,0,-1.34568
0.104895,0.0476337,0,-1.34349
0.103553,0.0474167,0,-1.34121
0.102211,0.0471968,0,-1.33881
0.10087,0.046974,0,-1.33626
0.0995289,0.0467481,0,-1.33358
0.0981886,0.0465192,0,-1.33076
0.0968488,0.0462872,0,-1.32783
0.0955096,0.0460521,0,-1.32484
0.0941709,0.0458138,0,-1.3218
0.0928329,0.0455723,0,-1.31871
0.0914954,0.0453275,0,-1.31562
0.0901585,0.0450793,0,-1.31258
0.0888223,0.0448277,0,-1.30955
0.0874868,0.0445726,0,-1.3065
0.0861519,0.044314,0,-1.30339
0.0848177,0.0440517,0,-1.3003
0.0834843,0.0437857,0,-1.29729
0.0821516,0.043516,0,-1.29434
0.0808197,0.0432425,0,-1.2914
0.0794886,0.0429651,0,-1.28848
0.0781583,0.0426838,0,-1.28568
0.0768289,0.0423985,0,-1.28294
0.0755004,0.0421091,0,-1.27999
0.0741727,0.0418155,0,-1.27669
0.0728461,0.0415176,0,-1.27316
0.0715204,0.0412154,0,-1.26955
0.0701957,0.0409087,0,-1.26574
0.0688721,0.0405974,0,-1.26153
0.0675497,0.0402814,0,-1.25691
0.0662283,0.0399606,0,-1.25215
0.0649082,0.039635,0,-1.24752
0.0635893,0.0393043,0,-1.24304
0.0622718,0.0389685,0,-1.23855
0.0609556,0.0386274,0,-1.23391
0.0596407,0.038281,0,-1.22919
0.0583274,0.037929,0,-1.22451
0.0570155,0.0375714,0,-1.21978
0.0557053,0.0372079,0,-1.21478
0.0543968,0.0368385,0,-1.20933
0.05309,0.0364629,0,-1.20361
0.051785,0.036081,0,-1.19778
0.050482,0.0356927,0,-1.19189
0.0491809,0.0352976,0,-1.18571
0.047882,0.0348957,0,-1.17921
0.0465853,0.0344867,0,-1.17253
0.0452909,0.0340703,0,-1.16578
0.0439989,0.0336464,0,-1.15902
0.0427096,0.0332147,0,-1.1519
0.041423,0.0327749,0,-1.14401
0.0401393,0.0323267,0,-1.13524
0.0388586,0.0318699,0,-1.1258
0.0375812,0.031404,0,-1.11593
0.0363073,0.0309288,0,-1.10586
0.0350369,0.030444,0,-1.09557
0.0337705,0.0299493,0,-1.08491
0.0325081,0.029444,0,-1.07361
0.0312502,0.0289278,0,-1.06162
0.0299971,0.0284003,0,-1.04907
0.028749,0.0278608,0,-1.03609
0.0275063,0.0273089,0,-1.02245
0.0262695,0.026744,0,-1.00789
0.0250391,0.0261655,0,-0.992848
0.0238154,0.0255727,0,-0.977579
0.022599,0.024965,0,-0.961378
0.0213907,0.0243415,0,-0.943659
0.0201911,0.0237014,0,-0.923939
0.019001,0.0230439,0,-0.901438
0.0178213,0.0223679,0,-0.876099
0.0166531,0.0216721,0,-0.848609
0.0154977,0.0209553,0,-0.81903
0.0143565,0.0202162,0,-0.786418
0.0132309,0.0194535,0,-0.750952
0.0121226,0.0186658,0,-0.713212
0.0110335,0.0178518,0,-0.6722
0.00996628,0.0170094,0,-0.626856
0.00892374,0.0161366,0,-0.575999
0.00790917,0.0152315,0,-0.518687
0.0069265,0.0142918,0,-0.454331
0.00598016,0.0133156,0,-0.382821
0.00507517,0.012301,0,-0.302994
0.00421775,0.0112459,0,-0.214353
0.00341477,0.0101488,0,-0.116064
0.00267427,0.00900868,0,-0.00729512
0.00200539,0.00782515,0,0.112053
0.0014176,0.00659937,0,0.239705
0.000920529,0.00533413,0,0.374097
0.000523494,0.00403407,0,0.510468
0.000234113,0.00270593,0,0.64426
5.88006e-05,0.001358,0,0.769871
1.00846e-28,1.77647e-15,0,0.880081
5.88006e-05,-0.001358,0,0.973211
0.000234113,-0.00270593,0,1.0452
0.000523494,-0.00403407,0,1.09626
0.000920529,-0.00533413,0,1.12607
0.0014176,-0.00659937,0,1.1377
0.00200539,-0.00782515,0,1.13401
0.00267427,-0.00900868,0,1.11884
0.00341477,-0.0101488,0,1.09581
0.00421775,-0.0112459,0,1.06617
0.00507517,-0.012301,0,1.03293
0.00598016,-0.0133156,0,0.99739
0.0069265,-0.0142918,0,0.960549
0.00790917,-0.0152315,0,0.923876
0.00892374,-0.0161366,0,0.887427
0.00996628,-0.0170094,0,0.852106
0.0110335,-0.0178518,0,0.817819
0.0121226,-0.0186658,0,0.784984
0.0132309,-0.0194535,0,0.753249
0.0143565,-0.0202162,0,0.722919
0.0154977,-0.0209553,0,0.693814
0.0166531,-0.0216721,0,0.666279
0.0178213,-0.0223679,0,0.639912
0.019001,-0.0230439,0,0.614978
0.0201911,-0.0237014,0,0.591069
0.0213907,-0.0243415,0,0.56825
0.022599,-0.024965,0,0.546282
0.0238154,-0.0255727,0,0.525345
0.0250391,-0.0261655,0,0.505291
0.0262695,-0.026744,0,0.485968
0.0275063,-0.0273089,0,0.467524
0.028749,-0.0278608,0,0.449751
0.0299971,-0.0284003,0,0.432842
0.0312502,-0.0289278,0,0.41644
0.0325081,-0.029444,0,0.400784
0.0337705,-0.0299493,0,0.38567
0.0350369,-0.030444,0,0.371199
0.0363073,-0.0309288,0,0.357101
0.0375812,-0.031404,0,0.343546
0.0388586,-0.0318699,0,0.330381
0.0401393,-0.0323267,0,0.317739
0.041423,-0.0327749,0,0.305487
0.0427096,-0.0332147,0,0.29365
0.0439989,-0.0336464,0,0.282176
0.0452909,-0.0340703,0,0.271099
0.0465853,-0.0344867,0,0.260348
0.047882,-0.0348957,0,0.249948
0.0491809,-0.0352976,0,0.239784
0.050482,-0.0356927,0,0.22993
0.051785,-0.036081,0,0.220352
0.05309,-0.0364629,0,0.211047
0.0543968,-0.0368385,0,0.202021
0.0557053,-0.0372079,0,0.193209
0.0570155,-0.0375714,0,0.184631
0.0583274,-0.037929,0,0.176288
0.0596407,-0.038281,0,0.168172
0.0609556,-0.0386274,0,0.160271
0.0622718,-0.0389685,0,0.152543
0.0635893,-0.0393043,0,0.145025
0.0649082,-0.039635,0,0.137647
0.0662283,-0.0399606,0,0.130466
0.0675497,-0.0402814,0,0.12348
0.0688721,-0.0405974,0,0.116656
0.0701957,-0.0409087,0,0.110006
0.0715204,-0.0412154,0,0.103502
0.0728461,-0.0415176,0,0.0971697
0.0741727,-0.0418155,0,0.0909564
0.0755004,-0.0421091,0,0.0849177
0.0768289,-0.0423985,0,0.0789685
0.0781583,-0.0426838,0,0.0731617
0.0794886,-0.0429651,0,0.0674336
0.0808197,-0.0432425,0,0.0618138
0.0821516,-0.043516,0,0.0562939
0.0834843,-0.0437857,0,0.050915
0.0848177,-0.0440517,0,0.0456166
0.0861519,-0.044314,0,0.0404693
0.0874868,-0.0445726,0,0.0354096
0.0888223,-0.0448277,0,0.03049
0.0901585,-0.0450793,0,0.0256466
0.0914954,-0.0453275,0,0.0209223
0.0928329,-0.0455723,0,0.0162951
0.0941709,-0.0458138,0,0.0117664
0.0955096,-0.0460521,0,0.00729963
0.0968488,-0.0462872,0,0.00290797
0.0981886,-0.0465192,0,-0.00141959
0.0995289,-0.0467481,0,-0.0056809
0.10087,-0.046974,0,-0.00985978
0.102211,-0.0471968,0,-0.0139665
0.103553,-0.0474167,0,-0.0179877
0.104895,-0.0476337,0,-0.0219426
0.106238,-0.0478478,0,-0.025827
0.107581,-0.048059,0,-0.0296296
0.108925,-0.0482675,0,-0.0333745
0.110269,-0.0484732,0,-0.0370337
0.111613,-0.0486761,0,-0.040628
0.112958,-0.0488764,0,-0.0441421
0.114303,-0.049074,0,-0.0475798
0.115649,-0.049269,0,-0.0509477
0.116995,-0.0494614,0,-0.0542498
0.118341,-0.0496512,0,-0.057475
0.119688,-0.0498385,0,-0.0606494
0.121035,-0.0500234,0,-0.0637579
0.122383,-0.0502058,0,-0.0668205
0.12373,-0.0503859,0,-0.0698369
0.125078,-0.0505636,0,-0.0728065
0.126427,-0.050739,0,-0.0757452
0.127775,-0.0509121,0,-0.0786585
0.129124,-0.051083,0,-0.0815307
0.130473,-0.0512516,0,-0.0843661
0.131823,-0.051418,0,-0.087155
0.133173,-0.0515821,0,-0.0899053
0.134523,-0.0517442,0,-0.0926087
0.135873,-0.051904,0,-0.0952782
0.137223,-0.0520618,0,-0.0979083
0.138574,-0.0522174,0,-0.100489
0.139925,-0.052371,0,-0.103036
0.141276,-0.0525225,0,-0.10553
0.142628,-0.0526719,0,-0.107981
0.14398,-0.0528192,0,-0.110382
0.145331,-0.0529646,0,-0.112727
0.146684,-0.0531079,0,-0.11502
0.148036,-0.0532493,0,-0.117259
0.149388,-0.0533887,0,-0.119446
0.150741,-0.0535262,0,-0.121585
0.152094,-0.0536617,0,-0.12368
0.153447,-0.0537954,0,-0.125743
0.154801,-0.0539273,0,-0.127759
0.156154,-0.0540573,0,-0.129763
0.157508,-0.0541855,0,-0.131736
0.158861,-0.0543119,0,-0.133693
0.160215,-0.0544366,0,-0.135636
0.16157,-0.0545595,0,-0.137559
0.162924,-0.0546808,0,-0.139456
0.164278,-0.0548002,0,-0.141331
0.165633,-0.054918,0,-0.14318
0.166988,-0.0550341,0,-0.144989
0.168342,-0.0551485,0,-0.146774
0.169697,-0.0552612,0,-0.148525
0.171053,-0.0553723,0,-0.150239
0.172408,-0.0554818,0,-0.151921
0.173763,-0.0555896,0,-0.153571
0.175119,-0.0556958,0,-0.155193
0.176475,-0.0558004,0,-0.156783
0.17783,-0.0559034,0,-0.158349
0.179186,-0.0560048,0,-0.15989
0.180542,-0.0561047,0,-0.161411
0.181898,-0.0562031,0,-0.162908
0.183255,-0.0562999,0,-0.164378
0.184611,-0.0563953,0,-0.165831
0.185967,-0.0564891,0,-0.167265
0.187324,-0.0565814,0,-0.168663
0.188681,-0.0566723,0,-0.170044
0.190037,-0.0567617,0,-0.171391
0.191394,-0.0568496,0,-0.172719
0.192751,-0.056936,0,-0.174013
0.194108,-0.0570211,0,-0.175276
0.195465,-0.0571046,0,-0.176508
0.196823,-0.0571868,0,-0.177711
0.19818,-0.0572676,0,-0.178887
0.199537,-0.057347,0,-0.180042
0.200895,-0.057425,0,-0.181171
0.202252,-0.0575016,0,-0.182284
0.20361,-0.057577,0,-0.183375
0.204968,-0.0576509,0,-0.184459
0.206325,-0.0577236,0,-0.185525
0.207683,-0.057795,0,-0.186583
0.209041,-0.057865,0,-0.187625
0.210399,-0.0579338,0,-0.188664
0.211757,-0.0580013,0,-0.189679
0.213115,-0.0580675,0,-0.19068
0.214473,-0.0581325,0,-0.191662
0.215831,-0.0581962,0,-0.192623
0.21719,-0.0582586,0,-0.193563
0.218548,-0.0583198,0,-0.194481
0.219906,-0.0583797,0,-0.195375
0.221265,-0.0584384,0,-0.196243
0.222623,-0.0584959,0,-0.19709
0.223982,-0.0585521,0,-0.197913
0.22534,-0.0586072,0,-0.198721
0.226699,-0.058661,0,-0.199505
0.228058,-0.0587137,0,-0.200275
0.229417,-0.0587652,0,-0.201025
0.230775,-0.0588155,0,-0.201759
0.232134,-0.0588647,0,-0.202478
0.233493,-0.0589127,0,-0.203189
0.234852,-0.0589596,0,-0.203886
0.236211,-0.0590054,0,-0.204565
0.23757,-0.05905,0,-0.20523
0.238929,-0.0590935,0,-0.205885
0.240288,-0.059136,0,-0.206522
0.241647,-0.0591773,0,-0.207152
0.243006,-0.0592175,0,-0.207768
0.244365,-0.0592567,0,-0.20837
0.245724,-0.0592948,0,-0.208958
0.247083,-0.0593318,0,-0.209547
0.248443,-0.0593678,0,-0.21012
0.249802,-0.0594027,0,-0.210682
0.251161,-0.0594365,0,-0.211231
0.252521,-0.0594694,0,-0.211769
0.25388,-0.0595011,0,-0.212288
0.255239,-0.0595319,0,-0.212798
0.256599,-0.0595616,0,-0.213296
0.257958,-0.0595902,0,-0.213769
0.259317,-0.0596179,0,-0.214231
0.260677,-0.0596445,0,-0.214677
0.262036,-0.0596702,0,-0.215101
0.263396,-0.0596948,0,-0.215508
0.264755,-0.0597184,0,-0.215907
0.266115,-0.0597411,0,-0.216286
0.267474,-0.0597628,0,-0.216657
0.268834,-0.0597835,0,-0.217015
0.270193,-0.0598032,0,-0.217355
0.271553,-0.059822,0,-0.217688
0.272913,-0.0598398,0,-0.218009
0.274272,-0.0598567,0,-0.218323
0.275632,-0.0598727,0,-0.218624
0.276991,-0.0598877,0,-0.218916
0.278351,-0.0599018,0,-0.219189
0.279711,-0.059915,0,-0.219474
0.28107,-0.0599273,0,-0.219728
0.28243,-0.0599387,0,-0.219992
0.28379,-0.0599491,0,-0.220236
0.285149,-0.0599587,0,-0.220479
0.286509,-0.0599674,0,-0.220712
0.287869,-0.0599753,0,-0.220943
0.289228,-0.0599822,0,-0.22117
0.290588,-0.0599883,0,-0.221378
0.291948,-0.0599935,0,-0.221591
0.293307,-0.0599978,0,-0.221785
0.294667,-0.0600013,0,-0.221974
0.296027,-0.060004,0,-0.222156
0.297386,-0.0600057,0,-0.222326
0.298746,-0.0600067,0,-0.22248
0.300106,-0.0600067,0,-0.22263
0.301465,-0.060006,0,-0.22277
0.302825,-0.0600044,0,-0.222886
0.304185,-0.0600019,0,-0.222995
0.305545,-0.0599986,0,-0.2231
0.306904,-0.0599945,0,-0.22318
0.308264,-0.0599896,0,-0.223262
0.309624,-0.0599839,0,-0.223338
0.310983,-0.0599774,0,-0.2234
0.312343,-0.0599701,0,-0.223458
0.313703,-0.059962,0,-0.223507
0.315062,-0.0599531,0,-0.223569
0.316422,-0.0599435,0,-0.223608
0.317782,-0.0599331,0,-0.223647
0.319141,-0.0599219,0,-0.223693
0.320501,-0.0599099,0,-0.22373
0.321861,-0.0598972,0,-0.223766
0.32322,-0.0598837,0,-0.223789
0.32458,-0.0598695,0,-0.223814
0.325939,-0.0598545,0,-0.223827
0.327299,-0.0598388,0,-0.223832
0.328659,-0.0598223,0,-0.223823
0.330018,-0.059805,0,-0.223817
0.331378,-0.059787,0,-0.223797
0.332737,-0.0597683,0,-0.223765
0.334097,-0.0597488,0,-0.223717
0.335457,-0.0597286,0,-0.22367
0.336816,-0.0597076,0,-0.223609
0.338176,-0.0596859,0,-0.223533
0.339535,-0.0596635,0,-0.223454
0.340895,-0.0596404,0,-0.223363
0.342254,-0.0596166,0,-0.223275
0.343614,-0.0595921,0,-0.223177
0.344973,-0.0595668,0,-0.223068
0.346333,-0.0595409,0,-0.222955
0.347692,-0.0595143,0,-0.222834
0.349051,-0.0594869,0,-0.22272
0.350411,-0.0594589,0,-0.222589
0.35177,-0.0594302,0,-0.222464
0.35313,-0.0594009,0,-0.222327
0.354489,-0.0593709,0,-0.222185
0.355848,-0.0593402,0,-0.22204
0.357208,-0.0593088,0,-0.221894
0.358567,-0.0592768,0,-0.221741
0.359926,-0.0592441,0,-0.221586
0.361286,-0.0592108,0,-0.221429
0.362645,-0.0591768,0,-0.221266
0.364004,-0.0591421,0,-0.221102
0.365363,-0.0591069,0,-0.220929
0.366723,-0.059071,0,-0.220759
0.368082,-0.0590344,0,-0.220583
0.369441,-0.0589972,0,-0.220406
0.3708,-0.0589594,0,-0.22021
0.372159,-0.0589209,0,-0.220022
0.373518,-0.0588818,0,-0.219826
0.374878,-0.058842,0,-0.219617
0.376237,-0.0588016,0,-0.219402
0.377596,-0.0587606,0,-0.219178
0.378955,-0.058719,0,-0.218946
0.380314,-0.0586767,0,-0.2187
0.381673,-0.0586339,0,-0.218458
0.383032,-0.0585904,0,-0.218207
0.384391,-0.0585463,0,-0.217956
0.38575,-0.0585016,0,-0.217686
0.387109,-0.0584564,0,-0.217431
0.388468,-0.0584105,0,-0.21716
0.389827,-0.0583641,0,-0.216908
0.391185,-0.058317,0,-0.216641
0.392544,-0.0582695,0,-0.216384
0.393903,-0.0582213,0,-0.216121
0.395262,-0.0581725,0,-0.215859
0.396621,-0.0581232,0,-0.215597
0.39798,-0.0580733,0,-0.215332
0.399338,-0.0580229,0,-0.215062
0.400697,-0.0579718,0,-0.21479
0.402056,-0.0579202,0,-0.214507
0.403414,-0.0578681,0,-0.214224
0.404773,-0.0578153,0,-0.213929
0.406132,-0.057762,0,-0.213628
0.40749,-0.0577081,0,-0.213319
0.408849,-0.0576537,0,-0.213005
0.410208,-0.0575986,0,-0.212675
0.411566,-0.0575431,0,-0.212345
0.412925,-0.057487,0,-0.212005
0.414283,-0.0574303,0,-0.211668
0.415642,-0.0573731,0,-0.211325
0.417,-0.0573154,0,-0.210983
0.418359,-0.0572571,0,-0.210632
0.419717,-0.0571984,0,-0.210292
0.421076,-0.0571391,0,-0.209945
0.422434,-0.0570793,0,-0.209607
0.423792,-0.057019,0,-0.209275
0.425151,-0.0569582,0,-0.208945
0.426509,-0.0568969,0,-0.208624
0.427867,-0.0568351,0,-0.208294
0.429225,-0.0567727,0,-0.207972
0.430584,-0.0567099,0,-0.207643
0.431942,-0.0566465,0,-0.207316
0.4333,-0.0565827,0,-0.206982
0.434658,-0.0565183,0,-0.206639
0.436016,-0.0564534,0,-0.206289
0.437375,-0.056388,0,-0.205938
0.438733,-0.0563221,0,-0.205565
0.440091,-0.0562556,0,-0.205193
0.441449,-0.0561887,0,-0.204809
0.442807,-0.0561212,0,-0.204425
0.444165,-0.0560532,0,-0.20402
0.445523,-0.0559848,0,-0.203635
0.446881,-0.0559158,0,-0.203229
0.448239,-0.0558464,0,-0.202825
0.449597,-0.0557765,0,-0.202413
0.450954,-0.0557061,0,-0.202007
0.452312,-0.0556352,0,-0.201596
0.45367,-0.0555639,0,-0.201186
0.455028,-0.0554921,0,-0.20078
0.456386,-0.0554198,0,-0.200366
0.457743,-0.0553471,0,-0.199949
0.459101,-0.0552739,0,-0.199551
0.460459,-0.0552003,0,-0.199136
0.461817,-0.0551262,0,-0.198718
0.463174,-0.0550517,0,-0.198328
0.464532,-0.0549767,0,-0.197906
0.465889,-0.0549012,0,-0.197499
0.467247,-0.0548253,0,-0.197093
0.468605,-0.054749,0,-0.196684
0.469962,-0.0546723,0,-0.196271
0.47132,-0.0545951,0,-0.195867
0.472677,-0.0545174,0,-0.19546
0.474035,-0.0544393,0,-0.195051
0.475392,-0.0543608,0,-0.194647
0.476749,-0.0542819,0,-0.194231
0.478107,-0.0542025,0,-0.19384
0.479464,-0.0541226,0,-0.193408
0.480821,-0.0540424,0,-0.193003
0.482179,-0.0539617,0,-0.192587
0.483536,-0.0538806,0,-0.192174
0.484893,-0.053799,0,-0.191756
0.486251,-0.053717,0,-0.19133
0.487608,-0.0536346,0,-0.190899
0.488965,-0.0535517,0,-0.190486
0.490322,-0.0534684,0,-0.190052
0.491679,-0.0533847,0,-0.189625
0.493036,-0.0533006,0,-0.189186
0.494393,-0.053216,0,-0.188748
0.49575,-0.053131,0,-0.188303
0.497107,-0.0530455,0,-0.187845
0.498464,-0.0529597,0,-0.187398
0.499821,-0.0528734,0,-0.186929
0.501178,-0.0527867,0,-0.186463
0.502535,-0.0526996,0,-0.186007
0.503892,-0.052612,0,-0.185495
0.505249,-0.052524,0,-0.185041
0.506606,-0.0524357,0,-0.184548
0.507963,-0.0523469,0,-0.184064
0.509319,-0.0522578,0,-0.183574
0.510676,-0.0521682,0,-0.183084
0.512033,-0.0520783,0,-0.182618
0.513389,-0.051988,0,-0.182135
0.514746,-0.0518973,0,-0.181642
0.516103,-0.0518063,0,-0.181204
0.517459,-0.0517149,0,-0.18072
0.518816,-0.0516231,0,-0.180271
0.520173,-0.0515309,0,-0.179828
0.521529,-0.0514384,0,-0.179383
0.522886,-0.0513455,0,-0.178925
0.524242,-0.0512523,0,-0.178492
0.525599,-0.0511586,0,-0.178047
0.526955,-0.0510646,0,-0.177593
0.528311,-0.0509701,0,-0.177129
0.529668,-0.0508753,0,-0.176677
0.531024,-0.0507801,0,-0.176218
0.532381,-0.0506845,0,-0.17572
0.533737,-0.0505885,0,-0.175229
0.535093,-0.0504921,0,-0.174736
0.536449,-0.0503953,0,-0.174253
0.537806,-0.0502981,0,-0.173721
0.539162,-0.0502006,0,-0.173216
0.540518,-0.0501027,0,-0.172718
0.541874,-0.0500045,0,-0.172207
0.54323,-0.0499059,0,-0.171716
0.544586,-0.0498069,0,-0.171184
0.545942,-0.0497076,0,-0.170701
0.547298,-0.049608,0,-0.170211
0.548654,-0.0495081,0,-0.169714
0.55001,-0.0494078,0,-0.169265
0.551366,-0.0493072,0,-0.168781
0.552722,-0.0492062,0,-0.168302
0.554078,-0.0491049,0,-0.167864
0.555434,-0.0490033,0,-0.167372
0.55679,-0.0489013,0,-0.166908
0.558146,-0.0487989,0,-0.166445
0.559502,-0.0486962,0,-0.165971
0.560857,-0.0485931,0,-0.165504
0.562213,-0.0484897,0,-0.165011
0.563569,-0.0483859,0,-0.164512
0.564925,-0.0482817,0,-0.164031
0.56628,-0.0481772,0,-0.16353
0.567636,-0.0480723,0,-0.163013
0.568992,-0.0479671,0,-0.162518
0.570347,-0.0478616,0,-0.161979
0.571703,-0.0477556,0,-0.161459
0.573058,-0.0476494,0,-0.160941
0.574414,-0.0475428,0,-0.160437
0.575769,-0.0474359,0,-0.159903
0.577125,-0.0473286,0,-0.159366
0.57848,-0.0472211,0,-0.158895
0.579836,-0.0471132,0,-0.158356
0.581191,-0.047005,0,-0.157836
0.582546,-0.0468965,0,-0.157361
0.583902,-0.0467877,0,-0.156826
0.585257,-0.0466785,0,-0.156323
0.586612,-0.046569,0,-0.155822
0.587968,-0.0464593,0,-0.155327
0.589323,-0.0463491,0,-0.154825
0.590678,-0.0462387,0,-0.154315
0.592033,-0.0461279,0,-0.15383
0.593388,-0.0460169,0,-0.1533
0.594743,-0.0459054,0,-0.152769
0.596099,-0.0457937,0,-0.152279
0.597454,-0.0456817,0,-0.151764
0.598809,-0.0455693,0,-0.151239
0.600164,-0.0454566,0,-0.150736
0.601519,-0.0453436,0,-0.150195
0.602874,-0.0452303,0,-0.149659
0.604229,-0.0451167,0,-0.149167
0.605584,-0.0450027,0,-0.148639
0.606938,-0.0448885,0,-0.148082
0.608293,-0.044774,0,-0.147583
0.609648,-0.0446591,0,-0.147069
0.611003,-0.044544,0,-0.146536
0.612358,-0.0444286,0,-0.146051
0.613713,-0.0443128,0,-0.145536
0.615067,-0.0441968,0,-0.145034
0.616422,-0.0440805,0,-0.144533
0.617777,-0.0439639,0,-0.144012
0.619131,-0.0438469,0,-0.143487
0.620486,-0.0437297,0,-0.142998
0.621841,-0.0436121,0,-0.142489
0.623195,-0.0434943,0,-0.14197
0.62455,-0.0433761,0,-0.14146
0.625904,-0.0432577,0,-0.140922
0.627259,-0.0431389,0,-0.14036
0.628613,-0.0430198,0,-0.139847
0.629968,-0.0429004,0,-0.139314
0.631322,-0.0427807,0,-0.13879
0.632676,-0.0426607,0,-0.138261
0.634031,-0.0425404,0,-0.137713
0.635385,-0.0424199,0,-0.137203
0.636739,-0.042299,0,-0.136623
0.638094,-0.0421778,0,-0.136091
0.639448,-0.0420563,0,-0.135555
0.640802,-0.0419345,0,-0.135027
0.642156,-0.0418125,0,-0.134469
0.643511,-0.0416901,0,-0.133913
0.644865,-0.0415675,0,-0.133412
0.646219,-0.0414446,0,-0.132799
0.647573,-0.0413214,0,-0.132316
0.648927,-0.0411979,0,-0.131756
0.650281,-0.0410741,0,-0.131196
0.651635,-0.0409501,0,-0.130665
0.652989,-0.0408258,0,-0.130105
0.654343,-0.0407012,0,-0.129565
0.655697,-0.0405763,0,-0.129018
0.657051,-0.0404512,0,-0.128521
0.658405,-0.0403258,0,-0.127926
0.659759,-0.0402001,0,-0.127428
0.661113,-0.0400742,0,-0.126911
0.662467,-0.039948,0,-0.126365
0.66382,-0.0398215,0,-0.125843
0.665174,-0.0396947,0,-0.125288
0.666528,-0.0395676,0,-0.124743
0.667882,-0.0394403,0,-0.124229
0.669235,-0.0393126,0,-0.123689
0.670589,-0.0391847,0,-0.123141
0.671943,-0.0390565,0,-0.122619
0.673296,-0.038928,0,-0.122028
0.67465,-0.0387992,0,-0.121469
0.676003,-0.0386701,0,-0.120928
0.677357,-0.0385408,0,-0.120354
0.67871,-0.0384111,0,-0.119827
0.680064,-0.0382813,0,-0.119243
0.681417,-0.0381511,0,-0.118657
0.682771,-0.0380207,0,-0.11815
0.684124,-0.03789,0,-0.11755
0.685478,-0.037759,0,-0.116991
0.686831,-0.0376278,0,-0.116465
0.688184,-0.0374964,0,-0.115891
0.689538,-0.0373646,0,-0.11537
0.690891,-0.0372326,0,-0.114802
0.692244,-0.0371004,0,-0.114234
0.693597,-0.0369678,0,-0.113735
0.694951,-0.036835,0,-0.113135
0.696304,-0.0367019,0,-0.112568
0.697657,-0.0365686,0,-0.112048
0.69901,-0.0364349,0,-0.111458
0.700363,-0.036301,0,-0.110878
0.701716,-0.0361668,0,-0.110335
0.703069,-0.0360323,0,-0.109765
0.704422,-0.0358976,0,-0.109182
0.705775,-0.0357625,0,-0.108616
0.707128,-0.0356272,0,-0.108051
0.708481,-0.0354917,0,-0.107441
0.709834,-0.0353558,0,-0.106886
0.711187,-0.0352197,0,-0.10627
0.71254,-0.0350834,0,-0.105663
0.713892,-0.0349467,0,-0.105121
0.715245,-0.0348098,0,-0.104485
0.716598,-0.0346727,0,-0.103883
0.717951,-0.0345353,0,-0.103324
0.719303,-0.0343976,0,-0.102708
0.720656,-0.0342597,0,-0.102109
0.722009,-0.0341215,0,-0.101534
0.723361,-0.0339831,0,-0.100958
0.724714,-0.0338444,0,-0.100349
0.726067,-0.0337055,0,-0.0997982
0.727419,-0.0335663,0,-0.0991781
0.728772,-0.033427,0,-0.0986025
0.730124,-0.0332873,0,-0.0980541
0.731477,-0.0331474,0,-0.0974566
0.732829,-0.0330073,0,-0.0968772
0.734182,-0.0328669,0,-0.0963171
0.735534,-0.0327263,0,-0.0957609
0.736886,-0.0325854,0,-0.0951533
0.738239,-0.0324442,0,-0.094597
0.739591,-0.0323028,0,-0.0939984
0.740943,-0.032161,0,-0.0934515
0.742296,-0.032019,0,-0.092823
0.743648,-0.0318768,0,-0.0922104
0.745,-0.0317342,0,-0.0916514
0.746352,-0.0315914,0,-0.0909884
0.747704,-0.0314483,0,-0.090359
0.749056,-0.031305,0,-0.0897799
0.750409,-0.0311614,0,-0.0891314
0.751761,-0.0310175,0,-0.0884922
0.753113,-0.0308734,0,-0.0879031
0.754465,-0.030729,0,-0.0872798
0.755817,-0.0305844,0,-0.0866435
0.757169,-0.0304395,0,-0.0860645
0.758521,-0.0302944,0,-0.0854094
0.759872,-0.0301491,0,-0.0848103
0.761224,-0.0300034,0,-0.0841886
0.762576,-0.0298576,0,-0.0835949
0.763928,-0.0297114,0,-0.0829651
0.76528,-0.029565,0,-0.0823375
0.766632,-0.0294183,0,-0.0817343
0.767983,-0.0292713,0,-0.081057
0.769335,-0.0291241,0,-0.0804336
0.770687,-0.0289766,0,-0.0797619
0.772038,-0.0288288,0,-0.0791111
0.77339,-0.0286808,0,-0.078444
0.774742,-0.0285325,0,-0.0778287
0.776093,-0.028384,0,-0.0771205
0.777445,-0.0282352,0,-0.0764607
0.778796,-0.0280862,0,-0.0758159
0.780148,-0.0279369,0,-0.0751447
0.781499,-0.0277874,0,-0.0744856
0.782851,-0.0276377,0,-0.0738458
0.784202,-0.0274877,0,-0.0732289
0.785553,-0.0273375,0,-0.0725301
0.786905,-0.0271871,0,-0.0719296
0.788256,-0.0270364,0,-0.071249
0.789607,-0.0268855,0,-0.0706064
0.790959,-0.0267343,0,-0.0699707
0.79231,-0.0265828,0,-0.0693261
0.793661,-0.0264311,0,-0.0686682
0.795012,-0.0262791,0,-0.0679963
0.796363,-0.0261268,0,-0.0673628
0.797714,-0.0259743,0,-0.0666444
0.799065,-0.0258215,0,-0.0659866
0.800417,-0.0256684,0,-0.0653266
0.801768,-0.025515,0,-0.0646035
0.803119,-0.0253614,0,-0.063956
0.80447,-0.0252075,0,-0.0632054
0.80582,-0.0250534,0,-0.0625028
0.807171,-0.024899,0,-0.0618269
0.808522,-0.0247443,0,-0.0610857
0.809873,-0.0245893,0,-0.060369
0.811224,-0.0244341,0,-0.0596469
0.812575,-0.0242786,0,-0.058961
0.813925,-0.0241229,0,-0.0581855
0.815276,-0.0239669,0,-0.057476
0.816627,-0.0238107,0,-0.0567537
0.817977,-0.0236542,0,-0.056039
0.819328,-0.0234975,0,-0.0552957
0.820679,-0.0233405,0,-0.054583
0.822029,-0.0231833,0,-0.0538554
0.82338,-0.0230258,0,-0.0531143
0.82473,-0.0228681,0,-0.0524164
0.826081,-0.0227101,0,-0.0516385
0.827431,-0.0225519,0,-0.0509152
0.828782,-0.0223934,0,-0.0501765
0.830132,-0.0222347,0,-0.0494458
0.831483,-0.0220756,0,-0.0486818
0.832833,-0.0219163,0,-0.0479578
0.834183,-0.0217568,0,-0.0471872
0.835533,-0.021597,0,-0.0464395
0.836884,-0.0214369,0,-0.0457025
0.838234,-0.0212765,0,-0.0448842
0.839584,-0.0211159,0,-0.0441406
0.840934,-0.020955,0,-0.0433272
0.842284,-0.0207938,0,-0.0425368
0.843634,-0.0206323,0,-0.0417651
0.844984,-0.0204706,0,-0.040936
0.846334,-0.0203086,0,-0.0401784
0.847684,-0.0201463,0,-0.0393142
0.849034,-0.0199838,0,-0.038499
0.850384,-0.019821,0,-0.0377173
0.851734,-0.019658,0,-0.0368633
0.853084,-0.0194948,0,-0.0360591
0.854434,-0.0193313,0,-0.0352369
0.855784,-0.0191676,0,-0.0344549
0.857134,-0.0190036,0,-0.0336091
0.858483,-0.0188394,0,-0.0328051
0.859833,-0.0186749,0,-0.0320039
0.861183,-0.0185101,0,-0.0311825
0.862532,-0.0183451,0,-0.0303619
0.863882,-0.0181798,0,-0.0295137
0.865231,-0.0180143,0,-0.0287291
0.866581,-0.0178484,0,-0.02783
0.867931,-0.0176822,0,-0.026982
0.86928,-0.0175158,0,-0.0261703
0.870629,-0.0173491,0,-0.0252364
0.871979,-0.017182,0,-0.0244029
0.873328,-0.0170147,0,-0.0234835
0.874678,-0.0168471,0,-0.0225718
0.876027,-0.0166791,0,-0.0216918
0.877376,-0.0165109,0,-0.0207314
0.878725,-0.0163424,0,-0.0197701
0.880075,-0.0161736,0,-0.0188714
0.881424,-0.0160046,0,-0.0179059
0.882773,-0.0158353,0,-0.0169671
0.884122,-0.0156658,0,-0.0160257
0.885471,-0.0154961,0,-0.0150992
0.88682,-0.0153261,0,-0.0141741
0.888169,-0.0151559,0,-0.0132287
0.889518,-0.0149855,0,-0.0123441
0.890867,-0.0148148,0,-0.0113644
0.892216,-0.0146438,0,-0.0104431
0.893565,-0.0144726,0,-0.00949881
0.894913,-0.014301,0,-0.00854003
0.896262,-0.014129,0,-0.00756146
0.897611,-0.0139567,0,-0.0065624
0.89896,-0.0137842,0,-0.00556979
0.900308,-0.0136113,0,-0.00449448
0.901657,-0.0134381,0,-0.00348343
0.903006,-0.0132646,0,-0.00243621
0.904354,-0.0130908,0,-0.00140472
0.905703,-0.0129168,0,-0.000340855
0.907051,-0.0127425,0,0.000724253
0.9084,-0.012568,0,0.00175851
0.909748,-0.0123932,0,0.00286319
0.911096,-0.0122181,0,0.00393282
0.912445,-0.0120427,0,0.0050031
0.913793,-0.011867,0,0.00609278
0.915141,-0.0116911,0,0.00720909
0.916489,-0.0115148,0,0.00827089
0.917838,-0.0113383,0,0.00943793
0.919186,-0.0111615,0,0.0105643
0.920534,-0.0109844,0,0.0116528
0.921882,-0.0108071,0,0.0128261
0.92323,-0.0106295,0,0.0139804
0.924578,-0.0104517,0,0.0150534
0.925926,-0.0102736,0,0.0162545
0.927274,-0.0100952,0,0.017405
0.928622,-0.00991644,0,0.0185216
0.92997,-0.00973737,0,0.0197872
0.931318,-0.00955795,0,0.0209406
0.932665,-0.00937819,0,0.0222025
0.934013,-0.0091981,0,0.0234684
0.935361,-0.0090177,0,0.0246941
0.936708,-0.00883701,0,0.0260162
0.938056,-0.00865603,0,0.0272953
0.939404,-0.0084748,0,0.0285581
0.940751,-0.0082933,0,0.0298716
0.942099,-0.00811152,0,0.0311647
0.943446,-0.00792947,0,0.0324709
0.944793,-0.00774713,0,0.0337882
0.946141,-0.0075645,0,0.0350877
0.947488,-0.00738157,0,0.0364895
0.948835,-0.00719833,0,0.0377875
0.950183,-0.00701476,0,0.0392252
0.95153,-0.00683087,0,0.0405855
0.952877,-0.00664662,0,0.0420333
0.954224,-0.00646204,0,0.0434735
0.955571,-0.00627712,0,0.0449189
0.956918,-0.00609189,0,0.0463957
0.958265,-0.00590635,0,0.0479125
0.959612,-0.00572054,0,0.0493798
0.960959,-0.00553444,0,0.0509681
0.962306,-0.00534807,0,0.0524584
0.963653,-0.00516142,0,0.0540052
0.965,-0.0049745,0,0.0555633
0.966346,-0.00478729,0,0.05709
0.967693,-0.00459975,0,0.0587138
0.96904,-0.00441184,0,0.0602941
0.970386,-0.00422352,0,0.0619752
0.971733,-0.00403475,0,0.0636154
0.973079,-0.00384561,0,0.0654296
0.974426,-0.0036562,0,0.0671775
0.975772,-0.00346661,0,0.0689056
0.977119,-0.00327687,0,0.0706811
0.978465,-0.00308689,0,0.0723887
0.979811,-0.00289654,0,0.0741489
0.981157,-0.00270573,0,0.075921
0.982504,-0.0025145,0,0.0778691
0.98385,-0.00232296,0,0.0797353
0.985196,-0.00213123,0,0.0816511
0.986542,-0.00193928,0,0.0834996
0.987888,-0.001747,0,0.0853845
0.989234,-0.0015543,0,0.0872625
0.99058,-0.00136111,0,0.0892761
0.991926,-0.00116744,0,0.0911183
0.993272,-0.000973484,0,0.0931343
0.994617,-0.000779617,0,0.0944844
0.995963,-0.000585561,0,0.0965739
0.997309,-0.000390634,0,0.0937453
0.998654,-0.000194975,0,0.109545
