Points_0,Points_1,Points_2,Pressure_Coefficient
1,0,0,0.230272
0.992739,0.00151925,0,0.20885
0.985523,0.00298981,0,0.179602
0.978353,0.00442412,0,0.162943
0.971231,0.0058254,0,0.14634
0.964156,0.00719657,0,0.128325
0.957129,0.00853886,0,0.11164
0.950149,0.00985441,0,0.0950617
0.943216,0.0111454,0,0.0790204
0.936331,0.0124123,0,0.0632971
0.929492,0.0136555,0,0.0480218
0.9227,0.0148758,0,0.0331232
0.915955,0.0160741,0,0.0185894
0.909257,0.0172512,0,0.00438283
0.902604,0.0184074,0,-0.00946484
0.895997,0.0195429,0,-0.0229719
0.889435,0.0206585,0,-0.0361825
0.882919,0.0217549,0,-0.0491464
0.876448,0.0228325,0,-0.061861
0.870022,0.0238914,0,-0.074323
0.86364,0.0249318,0,-0.0865397
0.857303,0.0259541,0,-0.0985494
0.851009,0.0269588,0,-0.110377
0.844759,0.0279463,0,-0.122045
0.838553,0.0289166,0,-0.133562
0.832389,0.0298701,0,-0.144941
0.826269,0.0308068,0,-0.156174
0.82019,0.0317268,0,-0.167256
0.814155,0.0326299,0,-0.178171
0.80816,0.0335165,0,-0.188934
0.802208,0.0343865,0,-0.199551
0.796297,0.0352404,0,-0.210041
0.790427,0.0360781,0,-0.220401
0.784597,0.0368999,0,-0.230625
0.778808,0.0377056,0,-0.240696
0.77306,0.0384955,0,-0.250611
0.767351,0.0392698,0,-0.260381
0.761682,0.0400286,0,-0.270023
0.756052,0.0407722,0,-0.279554
0.750462,0.0415009,0,-0.288974
0.74491,0.0422147,0,-0.29827
0.739397,0.0429137,0,-0.307429
0.733922,0.0435979,0,-0.316434
0.728485,0.0442674,0,-0.325285
0.723086,0.0449225,0,-0.333984
0.717725,0.0455634,0,-0.342532
0.712401,0.0461902,0,-0.350934
0.707114,0.0468031,0,-0.359194
0.701864,0.0474024,0,-0.367315
0.696651,0.0479881,0,-0.375297
0.691474,0.0485606,0,-0.383138
0.686333,0.0491198,0,-0.390837
0.681227,0.0496661,0,-0.398385
0.676158,0.0501994,0,-0.405773
0.671124,0.0507198,0,-0.412994
0.666124,0.0512276,0,-0.420037
0.66116,0.0517227,0,-0.426903
0.656231,0.0522054,0,-0.433585
0.651335,0.0526758,0,-0.440093
0.646474,0.053134,0,-0.446449
0.641647,0.0535801,0,-0.452689
0.636854,0.0540142,0,-0.458839
0.632094,0.0544364,0,-0.464924
0.627367,0.0548466,0,-0.470998
0.622674,0.055245,0,-0.477303
0.618013,0.0556315,0,-0.484405
0.613385,0.0560062,0,-0.492999
0.608789,0.0563692,0,-0.503167
0.604225,0.0567205,0,-0.513861
0.599693,0.0570602,0,-0.524449
0.595193,0.0573884,0,-0.539291
0.590724,0.057705,0,-0.571005
0.586286,0.0580102,0,-0.635127
0.58188,0.058304,0,-0.733824
0.577504,0.0585865,0,-0.83907
0.573159,0.0588577,0,-0.919963
0.568844,0.0591177,0,-0.96734
0.564559,0.0593668,0,-0.988821
0.560305,0.0596051,0,-0.995669
0.55608,0.0598328,0,-0.995305
0.551885,0.0600501,0,-0.992216
0.547719,0.0602572,0,-0.988418
0.543582,0.0604544,0,-0.984734
0.539475,0.0606418,0,-0.981259
0.535396,0.0608197,0,-0.977916
0.531346,0.0609883,0,-0.97459
0.527324,0.0611479,0,-0.971251
0.523331,0.0612986,0,-0.967893
0.519366,0.0614408,0,-0.964532
0.515429,0.0615746,0,-0.961164
0.511519,0.0617002,0,-0.957762
0.507637,0.0618179,0,-0.954278
0.503782,0.0619278,0,-0.950668
0.499954,0.0620302,0,-0.946906
0.496154,0.0621252,0,-0.943018
0.49238,0.0622132,0,-0.939081
0.488632,0.0622942,0,-0.935214
0.484912,0.0623685,0,-0.931531
0.481217,0.0624362,0,-0.928103
0.477548,0.0624977,0,-0.924915
0.473905,0.062553,0,-0.921884
0.470288,0.0626024,0,-0.918886
0.466697,0.0626459,0,-0.915848
0.46313,0.0626839,0,-0.912779
0.459589,0.0627164,0,-0.909741
0.456073,0.0627435,0,-0.906766
0.452581,0.0627656,0,-0.903842
0.449115,0.0627826,0,-0.900941
0.445672,0.0627948,0,-0.898071
0.442254,0.0628023,0,-0.895295
0.43886,0.0628052,0,-0.892693
0.43549,0.0628037,0,-0.890304
0.432143,0.0627979,0,-0.888085
0.42882,0.0627879,0,-0.885949
0.425521,0.0627738,0,-0.883808
0.422244,0.0627558,0,-0.88163
0.418991,0.0627339,0,-0.87944
0.415761,0.0627083,0,-0.877282
0.412553,0.0626791,0,-0.875162
0.409368,0.0626462,0,-0.873044
0.406205,0.0626099,0,-0.87088
0.403064,0.0625701,0,-0.868669
0.399946,0.0625271,0,-0.866466
0.396849,0.0624807,0,-0.864352
0.393774,0.0624312,0,-0.862381
0.390721,0.0623785,0,-0.860549
0.387689,0.0623228,0,-0.858788
0.384678,0.062264,0,-0.857011
0.381689,0.0622023,0,-0.855154
0.37872,0.0621377,0,-0.853206
0.375772,0.0620703,0,-0.851191
0.372845,0.062,0,-0.849158
0.369938,0.0619271,0,-0.847151
0.367052,0.0618515,0,-0.845181
0.364185,0.0617733,0,-0.84323
0.361339,0.0616925,0,-0.841259
0.358513,0.0616092,0,-0.839257
0.355706,0.0615235,0,-0.837243
0.352919,0.0614354,0,-0.835259
0.350151,0.0613449,0,-0.833327
0.347403,0.0612522,0,-0.831428
0.344674,0.0611572,0,-0.829507
0.341963,0.06106,0,-0.827512
0.339272,0.0609606,0,-0.82542
0.336599,0.0608592,0,-0.823265
0.333945,0.0607556,0,-0.821102
0.33131,0.0606501,0,-0.818985
0.328692,0.0605425,0,-0.816926
0.326093,0.060433,0,-0.814916
0.323512,0.0603216,0,-0.812949
0.320949,0.0602084,0,-0.811049
0.318403,0.0600934,0,-0.809243
0.315875,0.0599766,0,-0.807527
0.313365,0.059858,0,-0.80586
0.310871,0.0597378,0,-0.804204
0.308396,0.059616,0,-0.802549
0.305937,0.0594925,0,-0.800902
0.303495,0.0593675,0,-0.799265
0.30107,0.0592409,0,-0.797627
0.298661,0.0591129,0,-0.795969
0.29627,0.0589834,0,-0.794283
0.293894,0.0588525,0,-0.792564
0.291535,0.0587202,0,-0.790819
0.289192,0.0585866,0,-0.789054
0.286866,0.0584517,0,-0.787289
0.284555,0.0583155,0,-0.785541
0.28226,0.0581781,0,-0.783831
0.27998,0.0580395,0,-0.782179
0.277717,0.0578996,0,-0.780604
0.275468,0.0577586,0,-0.779113
0.273235,0.0576164,0,-0.777697
0.271018,0.0574731,0,-0.776322
0.268815,0.0573286,0,-0.77494
0.266627,0.057183,0,-0.773499
0.264455,0.0570364,0,-0.771971
0.262297,0.0568887,0,-0.770365
0.260153,0.0567399,0,-0.768732
0.258024,0.0565901,0,-0.767138
0.25591,0.0564393,0,-0.76563
0.25381,0.0562875,0,-0.764198
0.251724,0.0561347,0,-0.762786
0.249652,0.055981,0,-0.761339
0.247594,0.0558264,0,-0.759844
0.24555,0.0556708,0,-0.758308
0.24352,0.0555143,0,-0.75674
0.241503,0.055357,0,-0.755136
0.2395,0.0551988,0,-0.753501
0.237511,0.0550398,0,-0.751855
0.235534,0.05488,0,-0.750228
0.233571,0.0547193,0,-0.748645
0.231621,0.0545579,0,-0.747119
0.229684,0.0543957,0,-0.745652
0.22776,0.0542328,0,-0.744233
0.225849,0.0540692,0,-0.742845
0.22395,0.0539048,0,-0.741468
0.222064,0.0537398,0,-0.740095
0.220191,0.0535741,0,-0.73873
0.21833,0.0534077,0,-0.737395
0.216481,0.0532407,0,-0.736104
0.214645,0.053073,0,-0.734841
0.21282,0.0529047,0,-0.73355
0.211008,0.0527358,0,-0.732166
0.209207,0.0525663,0,-0.730651
0.207419,0.0523962,0,-0.729027
0.205642,0.0522255,0,-0.727367
0.203877,0.0520542,0,-0.725769
0.202123,0.0518823,0,-0.724297
0.200381,0.0517099,0,-0.722957
0.19865,0.051537,0,-0.7217
0.19693,0.0513635,0,-0.720461
0.195221,0.0511895,0,-0.719183
0.193524,0.0510149,0,-0.717858
0.191837,0.0508399,0,-0.716513
0.190162,0.0506644,0,-0.715189
0.188497,0.0504884,0,-0.713907
0.186843,0.0503119,0,-0.712657
0.1852,0.0501349,0,-0.711415
0.183567,0.0499575,0,-0.710164
0.181944,0.0497797,0,-0.708895
0.180332,0.0496014,0,-0.707591
0.178731,0.0494227,0,-0.70623
0.177139,0.0492435,0,-0.704798
0.175558,0.0490639,0,-0.703299
0.173986,0.0488839,0,-0.701749
0.172425,0.0487034,0,-0.700161
0.170873,0.0485225,0,-0.698528
0.169331,0.0483412,0,-0.696847
0.167799,0.0481595,0,-0.695132
0.166277,0.0479774,0,-0.693419
0.164764,0.0477949,0,-0.691743
0.16326,0.0476119,0,-0.690118
0.161766,0.0474286,0,-0.688523
0.160281,0.0472448,0,-0.686917
0.158806,0.0470607,0,-0.685256
0.157339,0.0468762,0,-0.683538
0.155882,0.0466913,0,-0.681799
0.154434,0.0465061,0,-0.680093
0.152994,0.0463205,0,-0.67844
0.151563,0.0461345,0,-0.67683
0.150142,0.0459482,0,-0.675237
0.148728,0.0457615,0,-0.673636
0.147324,0.0455745,0,-0.672006
0.145928,0.0453871,0,-0.670339
0.14454,0.0451995,0,-0.668629
0.143161,0.0450115,0,-0.666892
0.14179,0.0448231,0,-0.665154
0.140427,0.0446345,0,-0.663447
0.139073,0.0444455,0,-0.661782
0.137726,0.0442562,0,-0.660156
0.136388,0.0440666,0,-0.658546
0.135058,0.0438767,0,-0.656932
0.133735,0.0436864,0,-0.655289
0.13242,0.0434959,0,-0.653613
0.131113,0.043305,0,-0.651919
0.129814,0.0431138,0,-0.65025
0.128522,0.0429224,0,-0.648636
0.127238,0.0427306,0,-0.64708
0.125961,0.0425385,0,-0.645553
0.124692,0.0423461,0,-0.644022
0.12343,0.0421534,0,-0.642468
0.122175,0.0419604,0,-0.640907
0.120927,0.041767,0,-0.639369
0.119687,0.0415734,0,-0.637881
0.118454,0.0413794,0,-0.636442
0.117227,0.0411851,0,-0.635026
0.116008,0.0409905,0,-0.633591
0.114795,0.0407956,0,-0.63212
0.11359,0.0406004,0,-0.63063
0.112391,0.0404048,0,-0.629155
0.111198,0.0402089,0,-0.627702
0.110013,0.0400127,0,-0.626252
0.108833,0.0398161,0,-0.624784
0.107661,0.0396192,0,-0.623296
0.106494,0.0394219,0,-0.621791
0.105335,0.0392243,0,-0.620279
0.104181,0.0390263,0,-0.618756
0.103034,0.0388279,0,-0.61722
0.101893,0.0386292,0,-0.615664
0.100758,0.0384301,0,-0.614095
0.0996288,0.0382306,0,-0.61252
0.098506,0.0380307,0,-0.61095
0.097389,0.0378304,0,-0.609387
0.096278,0.0376296,0,-0.607827
0.0951729,0.0374285,0,-0.606262
0.0940735,0.037227,0,-0.604694
0.0929798,0.037025,0,-0.603124
0.0918918,0.0368225,0,-0.601555
0.0908094,0.0366197,0,-0.599975
0.0897326,0.0364163,0,-0.598378
0.0886613,0.0362125,0,-0.596766
0.0875954,0.0360082,0,-0.595156
0.0865349,0.0358035,0,-0.593557
0.0854798,0.0355982,0,-0.591972
0.08443,0.0353925,0,-0.590392
0.0833853,0.0351862,0,-0.58881
0.0823459,0.0349794,0,-0.587223
0.0813116,0.0347721,0,-0.585641
0.0802823,0.0345643,0,-0.584058
0.0792581,0.0343558,0,-0.582465
0.0782389,0.0341468,0,-0.580848
0.0772245,0.0339372,0,-0.579215
0.0762151,0.033727,0,-0.577575
0.0752104,0.0335162,0,-0.575933
0.0742106,0.0333047,0,-0.574272
0.0732154,0.0330926,0,-0.572582
0.0722249,0.0328798,0,-0.570871
0.0712391,0.0326664,0,-0.569174
0.0702578,0.0324523,0,-0.567501
0.069281,0.0322375,0,-0.565838
0.0683087,0.0320219,0,-0.564159
0.0673408,0.0318056,0,-0.562444
0.0663773,0.0315885,0,-0.560682
0.0654182,0.0313706,0,-0.558892
0.0644634,0.0311519,0,-0.557083
0.0635128,0.0309324,0,-0.555262
0.0625664,0.030712,0,-0.553409
0.0616241,0.0304908,0,-0.551517
0.060686,0.0302686,0,-0.549587
0.0597519,0.0300455,0,-0.547654
0.0588219,0.0298215,0,-0.545744
0.0578958,0.0295966,0,-0.543864
0.0569737,0.0293706,0,-0.541984
0.0560555,0.0291437,0,-0.540081
0.0551412,0.0289157,0,-0.538137
0.0542306,0.0286866,0,-0.53616
0.0533239,0.0284564,0,-0.534157
0.0524209,0.028225,0,-0.53214
0.0515216,0.0279925,0,-0.5301
0.0506259,0.0277588,0,-0.528038
0.0497339,0.0275238,0,-0.52596
0.0488455,0.0272876,0,-0.523907
0.0479607,0.02705,0,-0.52192
0.0470793,0.0268112,0,-0.520004
0.0462015,0.026571,0,-0.518114
0.0453271,0.0263293,0,-0.516209
0.0444561,0.0260862,0,-0.514251
0.0435885,0.0258415,0,-0.512227
0.0427244,0.0255953,0,-0.510128
0.0418635,0.0253474,0,-0.507965
0.041006,0.0250977,0,-0.505748
0.0401517,0.0248464,0,-0.503508
0.0393008,0.0245932,0,-0.501284
0.038453,0.0243382,0,-0.499138
0.0376085,0.0240813,0,-0.497081
0.0367672,0.0238224,0,-0.495065
0.0359291,0.0235614,0,-0.493013
0.0350942,0.0232983,0,-0.490877
0.0342624,0.0230328,0,-0.488609
0.0334338,0.022765,0,-0.486184
0.0326084,0.0224947,0,-0.483576
0.0317862,0.0222218,0,-0.480788
0.0309671,0.0219462,0,-0.477833
0.0301512,0.0216678,0,-0.474778
0.0293385,0.0213866,0,-0.471697
0.0285289,0.0211023,0,-0.468585
0.0277226,0.020815,0,-0.465323
0.0269195,0.0205244,0,-0.461812
0.0261196,0.0202303,0,-0.457969
0.0253231,0.0199326,0,-0.453748
0.0245299,0.0196311,0,-0.449112
0.0237401,0.0193256,0,-0.444074
0.0229537,0.019016,0,-0.438701
0.0221708,0.0187022,0,-0.433183
0.0213914,0.018384,0,-0.427678
0.0206156,0.0180611,0,-0.422077
0.0198436,0.0177333,0,-0.416078
0.0190754,0.0174003,0,-0.409445
0.0183112,0.0170616,0,-0.401982
0.0175512,0.0167171,0,-0.393579
0.0167955,0.0163663,0,-0.3842
0.0160444,0.016009,0,-0.373985
0.0152979,0.0156449,0,-0.363202
0.0145563,0.0152737,0,-0.351925
0.0138199,0.0148949,0,-0.339743
0.0130889,0.014508,0,-0.326187
0.0123639,0.0141124,0,-0.310888
0.0116452,0.0137075,0,-0.293649
0.0109333,0.0132928,0,-0.27448
0.0102286,0.0128678,0,-0.25382
0.00953152,0.012432,0,-0.232148
0.00884279,0.0119848,0,-0.209028
0.00816329,0.0115252,0,-0.183298
0.00749407,0.0110521,0,-0.154118
0.00683627,0.0105645,0,-0.120948
0.0061911,0.0100614,0,-0.0839408
0.00555984,0.00954194,0,-0.0439552
0.00494392,0.00900533,0,-0.000735587
0.00434557,0.00845005,0,0.047521
0.00376755,0.00787438,0,0.10248
0.00321289,0.00727683,0,0.164831
0.00268485,0.00665621,0,0.233942
0.00218691,0.0060117,0,0.309084
0.00172362,0.0053423,0,0.391218
0.00130111,0.00464682,0,0.481342
0.000926289,0.00392486,0,0.579203
0.00060661,0.00317712,0,0.683073
0.000349103,0.00240598,0,0.787803
0.000158708,0.00161573,0,0.88703
4.04813e-05,0.000811657,0,0.976069
2.45681e-10,7.00775e-11,0,1.0507
4.10564e-05,-0.000811628,0,1.1052
0.000159807,-0.00161563,0,1.1372
0.000350623,-0.00240577,0,1.14851
0.000608399,-0.00317683,0,1.14197
0.000928138,-0.00392454,0,1.12121
0.00130273,-0.00464662,0,1.09059
0.00172466,-0.00534244,0,1.05395
0.00218695,-0.00601253,0,1.01408
0.00268343,-0.00665815,0,0.972867
0.00320953,-0.0072804,0,0.931268
0.00376183,-0.00788011,0,0.890467
0.0043371,-0.0084585,0,0.85133
0.00493233,-0.00901709,0,0.814166
0.00554479,-0.00955759,0,0.778949
0.00617227,-0.0100815,0,0.74519
0.00681336,-0.0105897,0,0.713007
0.00746685,-0.0110831,0,0.682711
0.00813155,-0.0115624,0,0.654422
0.00880638,-0.0120288,0,0.627893
0.00949031,-0.0124831,0,0.602993
0.0101824,-0.0129265,0,0.579214
0.0108821,-0.0133596,0,0.556444
0.011589,-0.0137827,0,0.534791
0.0123025,-0.0141965,0,0.514399
0.0130223,-0.0146013,0,0.495153
0.013748,-0.0149978,0,0.476993
0.0144791,-0.0153864,0,0.459742
0.0152154,-0.0157678,0,0.443227
0.0159565,-0.0161424,0,0.42721
0.0167023,-0.0165103,0,0.411738
0.0174526,-0.016872,0,0.396911
0.0182073,-0.0172276,0,0.382763
0.0189663,-0.0175773,0,0.36924
0.0197293,-0.0179216,0,0.356328
0.0204962,-0.0182605,0,0.343948
0.021267,-0.0185945,0,0.332045
0.0220416,-0.0189238,0,0.320488
0.0228197,-0.0192485,0,0.309237
0.0236015,-0.0195689,0,0.298318
0.0243868,-0.019885,0,0.287796
0.0251756,-0.020197,0,0.277647
0.0259678,-0.0205051,0,0.267878
0.0267635,-0.0208095,0,0.258451
0.0275625,-0.0211101,0,0.249357
0.0283649,-0.0214073,0,0.240541
0.0291706,-0.0217012,0,0.231973
0.0299795,-0.0219919,0,0.223576
0.0307918,-0.0222796,0,0.215349
0.0316073,-0.0225642,0,0.207318
0.032426,-0.022846,0,0.199516
0.0332481,-0.0231249,0,0.19193
0.0340734,-0.0234011,0,0.18457
0.034902,-0.0236746,0,0.177414
0.0357339,-0.0239456,0,0.170464
0.036569,-0.0242141,0,0.163693
0.0374075,-0.0244802,0,0.157091
0.0382492,-0.024744,0,0.150619
0.0390943,-0.0250056,0,0.14426
0.0399427,-0.0252651,0,0.138007
0.0407945,-0.0255224,0,0.131893
0.0416496,-0.0257777,0,0.125915
0.0425082,-0.0260309,0,0.120084
0.0433702,-0.0262822,0,0.114387
0.0442356,-0.0265317,0,0.108832
0.0451045,-0.0267792,0,0.103402
0.0459769,-0.027025,0,0.0981012
0.0468528,-0.027269,0,0.0929067
0.0477323,-0.0275114,0,0.0878165
0.0486154,-0.0277521,0,0.0828028
0.0495021,-0.0279913,0,0.077866
0.0503924,-0.0282289,0,0.073007
0.0512864,-0.028465,0,0.0682449
0.0521841,-0.0286996,0,0.0635723
0.0530856,-0.0289328,0,0.0589973
0.0539908,-0.0291646,0,0.0545093
0.0548999,-0.029395,0,0.0501141
0.0558128,-0.0296241,0,0.0457991
0.0567297,-0.0298519,0,0.0415666
0.0576504,-0.0300784,0,0.0374009
0.0585751,-0.0303038,0,0.0333013
0.0595038,-0.0305279,0,0.0292464
0.0604366,-0.030751,0,0.0252367
0.0613734,-0.0309729,0,0.0212691
0.0623144,-0.0311937,0,0.017361
0.0632595,-0.0314134,0,0.013507
0.0642089,-0.0316321,0,0.00971523
0.0651625,-0.0318497,0,0.00597856
0.0661204,-0.0320664,0,0.00230236
0.0670826,-0.0322821,0,-0.0013199
0.0680492,-0.0324968,0,-0.0048875
0.0690203,-0.0327106,0,-0.00840548
0.0699958,-0.0329235,0,-0.0118804
0.0709758,-0.0331355,0,-0.0153152
0.0719604,-0.0333467,0,-0.0187239
0.0729496,-0.033557,0,-0.0221035
0.0739435,-0.0337666,0,-0.0254529
0.0749421,-0.0339753,0,-0.0287636
0.0759454,-0.0341833,0,-0.0320382
0.0769535,-0.0343904,0,-0.0352714
0.0779665,-0.0345969,0,-0.0384679
0.0789844,-0.0348026,0,-0.0416243
0.0800072,-0.0350075,0,-0.044746
0.0810351,-0.0352118,0,-0.0478308
0.0820679,-0.0354154,0,-0.0508856
0.0831059,-0.0356183,0,-0.0539093
0.084149,-0.0358206,0,-0.0569109
0.0851974,-0.0360223,0,-0.0598919
0.086251,-0.0362233,0,-0.0628586
0.0873099,-0.0364237,0,-0.0658022
0.0883741,-0.0366236,0,-0.0687245
0.0894438,-0.0368228,0,-0.0716203
0.0905189,-0.0370215,0,-0.0744943
0.0915995,-0.0372196,0,-0.0773424
0.0926858,-0.0374172,0,-0.0801702
0.0937776,-0.0376143,0,-0.0829748
0.0948752,-0.0378108,0,-0.0857626
0.0959785,-0.0380068,0,-0.088532
0.0970875,-0.0382023,0,-0.0912911
0.0982025,-0.0383973,0,-0.0940397
0.0993233,-0.0385918,0,-0.0967881
0.10045,-0.0387859,0,-0.0995331
0.101583,-0.0389796,0,-0.102275
0.102722,-0.0391727,0,-0.105004
0.103867,-0.0393654,0,-0.107724
0.105018,-0.0395577,0,-0.110429
0.106176,-0.0397495,0,-0.113124
0.107339,-0.0399409,0,-0.115803
0.10851,-0.0401318,0,-0.118469
0.109686,-0.0403223,0,-0.121122
0.110869,-0.0405124,0,-0.123763
0.112059,-0.0407021,0,-0.126395
0.113256,-0.0408913,0,-0.129016
0.114459,-0.0410801,0,-0.131636
0.115668,-0.0412685,0,-0.13425
0.116885,-0.0414565,0,-0.136856
0.118108,-0.0416441,0,-0.139451
0.119339,-0.0418313,0,-0.142037
0.120576,-0.0420181,0,-0.144609
0.121821,-0.0422045,0,-0.14717
0.123072,-0.0423904,0,-0.149715
0.124331,-0.042576,0,-0.152248
0.125597,-0.0427611,0,-0.154766
0.12687,-0.0429458,0,-0.157271
0.128151,-0.0431301,0,-0.159762
0.12944,-0.043314,0,-0.162241
0.130735,-0.0434975,0,-0.164706
0.132039,-0.0436806,0,-0.16716
0.13335,-0.0438632,0,-0.169599
0.134669,-0.0440455,0,-0.172028
0.135995,-0.0442274,0,-0.174443
0.13733,-0.0444088,0,-0.176849
0.138672,-0.0445898,0,-0.179243
0.140023,-0.0447705,0,-0.181629
0.141381,-0.0449507,0,-0.184007
0.142748,-0.0451306,0,-0.18638
0.144123,-0.04531,0,-0.188748
0.145506,-0.045489,0,-0.191117
0.146898,-0.0456677,0,-0.193486
0.148298,-0.0458459,0,-0.195862
0.149706,-0.0460238,0,-0.19824
0.151123,-0.0462013,0,-0.200619
0.152549,-0.0463783,0,-0.202998
0.153984,-0.0465549,0,-0.205375
0.155427,-0.0467311,0,-0.207754
0.156879,-0.0469069,0,-0.210131
0.158341,-0.0470823,0,-0.21251
0.159811,-0.0472572,0,-0.214887
0.16129,-0.0474318,0,-0.217265
0.162779,-0.0476058,0,-0.219645
0.164277,-0.0477794,0,-0.222029
0.165784,-0.0479526,0,-0.224417
0.167301,-0.0481254,0,-0.226811
0.168827,-0.0482976,0,-0.229205
0.170363,-0.0484694,0,-0.231602
0.171908,-0.0486407,0,-0.233998
0.173464,-0.0488116,0,-0.236398
0.175029,-0.0489819,0,-0.238797
0.176604,-0.0491517,0,-0.241201
0.178189,-0.049321,0,-0.243607
0.179784,-0.0494898,0,-0.246019
0.181389,-0.0496581,0,-0.248436
0.183005,-0.0498259,0,-0.250863
0.184631,-0.049993,0,-0.253297
0.186267,-0.0501597,0,-0.255741
0.187914,-0.0503257,0,-0.25819
0.189571,-0.0504912,0,-0.260646
0.191239,-0.0506561,0,-0.263104
0.192918,-0.0508204,0,-0.265568
0.194608,-0.050984,0,-0.268035
0.196309,-0.051147,0,-0.270506
0.198021,-0.0513094,0,-0.27298
0.199744,-0.0514711,0,-0.275457
0.201478,-0.0516321,0,-0.277937
0.203224,-0.0517924,0,-0.280418
0.20498,-0.051952,0,-0.282904
0.206749,-0.0521109,0,-0.285393
0.208529,-0.052269,0,-0.287889
0.210321,-0.0524264,0,-0.290393
0.212124,-0.052583,0,-0.292911
0.21394,-0.0527389,0,-0.295443
0.215767,-0.052894,0,-0.297992
0.217607,-0.0530483,0,-0.300562
0.219458,-0.0532018,0,-0.303158
0.221322,-0.0533545,0,-0.305783
0.223198,-0.0535064,0,-0.308447
0.225087,-0.0536574,0,-0.31115
0.226988,-0.0538075,0,-0.313893
0.228902,-0.0539568,0,-0.316668
0.230829,-0.0541051,0,-0.319478
0.232769,-0.0542525,0,-0.322318
0.234721,-0.0543989,0,-0.325192
0.236687,-0.0545442,0,-0.328096
0.238666,-0.0546885,0,-0.331033
0.240658,-0.0548318,0,-0.334002
0.242664,-0.0549739,0,-0.337006
0.244683,-0.0551149,0,-0.340045
0.246715,-0.0552548,0,-0.343121
0.248762,-0.0553934,0,-0.346236
0.250822,-0.0555308,0,-0.349387
0.252896,-0.0556669,0,-0.352581
0.254984,-0.0558017,0,-0.355821
0.257086,-0.0559352,0,-0.359116
0.259203,-0.0560672,0,-0.362466
0.261334,-0.0561979,0,-0.365878
0.263479,-0.0563271,0,-0.36936
0.265639,-0.0564547,0,-0.372926
0.267814,-0.0565809,0,-0.376579
0.270003,-0.0567054,0,-0.380316
0.272208,-0.0568282,0,-0.384124
0.274427,-0.0569492,0,-0.388004
0.276662,-0.0570683,0,-0.391949
0.278912,-0.0571855,0,-0.395963
0.281177,-0.0573008,0,-0.400041
0.283458,-0.0574139,0,-0.404186
0.285755,-0.0575248,0,-0.408396
0.288067,-0.0576334,0,-0.412676
0.290395,-0.0577397,0,-0.41702
0.292739,-0.0578435,0,-0.421421
0.2951,-0.0579447,0,-0.425865
0.297477,-0.0580432,0,-0.43035
0.29987,-0.0581388,0,-0.434865
0.302279,-0.0582315,0,-0.439409
0.304706,-0.0583212,0,-0.443968
0.307149,-0.0584076,0,-0.448536
0.309609,-0.0584906,0,-0.453104
0.312086,-0.0585702,0,-0.457664
0.31458,-0.0586462,0,-0.462208
0.317091,-0.0587183,0,-0.466714
0.31962,-0.0587865,0,-0.471161
0.322166,-0.0588506,0,-0.475511
0.32473,-0.0589105,0,-0.479735
0.327312,-0.0589658,0,-0.48381
0.329912,-0.0590166,0,-0.487719
0.33253,-0.0590625,0,-0.491426
0.335166,-0.0591034,0,-0.494899
0.337821,-0.0591392,0,-0.498119
0.340493,-0.0591697,0,-0.501093
0.343185,-0.0591947,0,-0.503817
0.345895,-0.0592141,0,-0.506294
0.348624,-0.0592276,0,-0.508517
0.351372,-0.0592352,0,-0.510499
0.354139,-0.0592367,0,-0.512256
0.356925,-0.0592318,0,-0.513824
0.359731,-0.0592203,0,-0.515238
0.362556,-0.0592022,0,-0.516546
0.365401,-0.0591773,0,-0.517779
0.368266,-0.0591453,0,-0.518956
0.37115,-0.0591061,0,-0.520066
0.374055,-0.0590595,0,-0.521077
0.37698,-0.0590053,0,-0.521925
0.379925,-0.0589433,0,-0.522524
0.38289,-0.0588734,0,-0.522777
0.385876,-0.0587953,0,-0.522593
0.388883,-0.0587091,0,-0.521896
0.39191,-0.0586144,0,-0.520605
0.394959,-0.0585112,0,-0.518666
0.398029,-0.0583993,0,-0.516057
0.401119,-0.0582787,0,-0.512794
0.404232,-0.058149,0,-0.508905
0.407365,-0.0580102,0,-0.504442
0.410521,-0.0578622,0,-0.499474
0.413698,-0.0577048,0,-0.494081
0.416897,-0.057538,0,-0.488317
0.420118,-0.0573615,0,-0.482221
0.423362,-0.0571754,0,-0.475816
0.426627,-0.0569795,0,-0.469126
0.429915,-0.0567736,0,-0.46216
0.433226,-0.0565577,0,-0.454938
0.43656,-0.0563317,0,-0.447482
0.439917,-0.0560956,0,-0.439818
0.443296,-0.0558493,0,-0.43196
0.446699,-0.0555927,0,-0.423923
0.450125,-0.0553258,0,-0.415713
0.453575,-0.0550485,0,-0.407341
0.457049,-0.0547607,0,-0.398812
0.460546,-0.0544625,0,-0.390142
0.464068,-0.0541539,0,-0.38134
0.467613,-0.0538348,0,-0.372414
0.471183,-0.0535051,0,-0.363374
0.474778,-0.053165,0,-0.354225
0.478397,-0.0528144,0,-0.344982
0.482041,-0.0524533,0,-0.335661
0.485711,-0.0520818,0,-0.326274
0.489405,-0.0516999,0,-0.316825
0.493125,-0.0513076,0,-0.307323
0.49687,-0.050905,0,-0.297778
0.500642,-0.0504922,0,-0.2882
0.504439,-0.0500692,0,-0.278596
0.508263,-0.0496361,0,-0.268976
0.512113,-0.0491931,0,-0.259353
0.515989,-0.0487401,0,-0.24974
0.519893,-0.0482774,0,-0.240147
0.523823,-0.0478051,0,-0.230586
0.527781,-0.0473233,0,-0.221072
0.531766,-0.0468321,0,-0.211609
0.535779,-0.0463315,0,-0.202194
0.539819,-0.0458217,0,-0.192821
0.543888,-0.0453028,0,-0.183491
0.547985,-0.0447748,0,-0.174205
0.552111,-0.0442378,0,-0.164966
0.556265,-0.043692,0,-0.155776
0.560449,-0.0431375,0,-0.146635
0.564662,-0.0425744,0,-0.137548
0.568904,-0.0420027,0,-0.128514
0.573176,-0.0414228,0,-0.119541
0.577478,-0.0408347,0,-0.110628
0.58181,-0.0402385,0,-0.101779
0.586172,-0.0396343,0,-0.092983
0.590566,-0.0390222,0,-0.084239
0.59499,-0.0384024,0,-0.0755473
0.599445,-0.037775,0,-0.0669105
0.603932,-0.0371402,0,-0.0583243
0.608451,-0.036498,0,-0.04979
0.613001,-0.0358486,0,-0.0413028
0.617584,-0.0351922,0,-0.0328644
0.6222,-0.0345289,0,-0.0244709
0.626848,-0.0338588,0,-0.0161254
0.631529,-0.0331823,0,-0.00782276
0.636244,-0.0324993,0,0.000434712
0.640992,-0.0318102,0,0.00865297
0.645774,-0.0311151,0,0.0168284
0.65059,-0.0304142,0,0.0249673
0.655441,-0.0297078,0,0.0330623
0.660326,-0.0289961,0,0.041114
0.665247,-0.0282795,0,0.0491135
0.670203,-0.0275582,0,0.0570635
0.675195,-0.0268326,0,0.0649555
0.680222,-0.0261029,0,0.0727939
0.685287,-0.0253695,0,0.0805725
0.690387,-0.0246327,0,0.088295
0.695525,-0.0238929,0,0.0959566
0.7007,-0.0231504,0,0.103558
0.705912,-0.0224058,0,0.111096
0.711163,-0.0216593,0,0.118565
0.716452,-0.0209115,0,0.125969
0.721779,-0.0201628,0,0.133299
0.727146,-0.0194137,0,0.140555
0.732552,-0.0186649,0,0.147724
0.737998,-0.0179169,0,0.154804
0.743484,-0.0171703,0,0.161782
0.74901,-0.0164258,0,0.168659
0.754577,-0.0156839,0,0.17542
0.760186,-0.0149454,0,0.182064
0.765836,-0.0142108,0,0.188579
0.771528,-0.0134807,0,0.194981
0.777262,-0.0127556,0,0.201272
0.783039,-0.0120361,0,0.207465
0.788859,-0.0113227,0,0.213557
0.794722,-0.010616,0,0.219565
0.800629,-0.00991657,0,0.225483
0.80658,-0.00922524,0,0.231327
0.812576,-0.00854286,0,0.237081
0.818616,-0.00787036,0,0.242744
0.824702,-0.00720872,0,0.248302
0.830834,-0.00655905,0,0.253758
0.837011,-0.00592249,0,0.259087
0.843235,-0.0053003,0,0.264297
0.849506,-0.00469389,0,0.269358
0.855825,-0.00410477,0,0.274263
0.862191,-0.00353448,0,0.278982
0.868605,-0.00298459,0,0.283518
0.875067,-0.00245677,0,0.287844
0.881579,-0.00195314,0,0.291955
0.88814,-0.00147611,0,0.295782
0.89475,-0.00102812,0,0.299289
0.90141,-0.000611578,0,0.302421
0.908121,-0.00022906,0,0.305159
0.914882,0.000116392,0,0.30743
0.921694,0.000421562,0,0.309163
0.928558,0.000683409,0,0.31024
0.935472,0.000898717,0,0.310656
0.942438,0.00106336,0,0.31017
0.949455,0.00117245,0,0.308737
0.956524,0.00122013,0,0.305762
0.963644,0.00120117,0,0.301211
0.970815,0.00111125,0,0.294025
0.978036,0.000947191,0,0.284066
0.985308,0.000707975,0,0.267974
0.992629,0.000392861,0,0.256678
