Points_0,Points_1,Points_2,Pressure_Coefficient
1,0,0,-0.450304
0.992739,0.00151925,0,-0.399621
0.985523,0.00298981,0,-0.42081
0.978353,0.00442412,0,-0.421337
0.971231,0.0058254,0,-0.431322
0.964156,0.00719657,0,-0.441109
0.957129,0.00853886,0,-0.450652
0.950149,0.00985441,0,-0.459485
0.943216,0.0111454,0,-0.467283
0.936331,0.0124123,0,-0.474073
0.929492,0.0136555,0,-0.479755
0.9227,0.0148758,0,-0.484477
0.915955,0.0160741,0,-0.48826
0.909257,0.0172512,0,-0.491272
0.902604,0.0184074,0,-0.493599
0.895997,0.0195429,0,-0.495357
0.889435,0.0206585,0,-0.496642
0.882919,0.0217549,0,-0.497558
0.876448,0.0228325,0,-0.498195
0.870022,0.0238914,0,-0.49861
0.86364,0.0249318,0,-0.498879
0.857303,0.0259541,0,-0.499018
0.851009,0.0269588,0,-0.499126
0.844759,0.0279463,0,-0.499161
0.838553,0.0289166,0,-0.499246
0.832389,0.0298701,0,-0.499269
0.826269,0.0308068,0,-0.499379
0.82019,0.0317268,0,-0.499443
0.814155,0.0326299,0,-0.499573
0.80816,0.0335165,0,-0.499692
0.802208,0.0343865,0,-0.499856
0.796297,0.0352404,0,-0.500033
0.790427,0.0360781,0,-0.500251
0.784597,0.0368999,0,-0.500489
0.778808,0.0377056,0,-0.500765
0.77306,0.0384955,0,-0.501062
0.767351,0.0392698,0,-0.501397
0.761682,0.0400286,0,-0.501754
0.756052,0.0407722,0,-0.502148
0.750462,0.0415009,0,-0.502566
0.74491,0.0422147,0,-0.503013
0.739397,0.0429137,0,-0.503482
0.733922,0.0435979,0,-0.503973
0.728485,0.0442674,0,-0.504489
0.723086,0.0449225,0,-0.50502
0.717725,0.0455634,0,-0.505591
0.712401,0.0461902,0,-0.506159
0.707114,0.0468031,0,-0.506797
0.701864,0.0474024,0,-0.507398
0.696651,0.0479881,0,-0.508108
0.691474,0.0485606,0,-0.508743
0.686333,0.0491198,0,-0.509507
0.681227,0.0496661,0,-0.510193
0.676158,0.0501994,0,-0.51098
0.671124,0.0507198,0,-0.511735
0.666124,0.0512276,0,-0.512553
0.66116,0.0517227,0,-0.513374
0.656231,0.0522054,0,-0.514245
0.651335,0.0526758,0,-0.515132
0.646474,0.053134,0,-0.516068
0.641647,0.0535801,0,-0.517019
0.636854,0.0540142,0,-0.518015
0.632094,0.0544364,0,-0.519013
0.627367,0.0548466,0,-0.520033
0.622674,0.055245,0,-0.521043
0.618013,0.0556315,0,-0.522046
0.613385,0.0560062,0,-0.523041
0.608789,0.0563692,0,-0.524038
0.604225,0.0567205,0,-0.525047
0.599693,0.0570602,0,-0.526093
0.595193,0.0573884,0,-0.527178
0.590724,0.057705,0,-0.528325
0.586286,0.0580102,0,-0.529521
0.58188,0.058304,0,-0.530792
0.577504,0.0585865,0,-0.532087
0.573159,0.0588577,0,-0.533456
0.568844,0.0591177,0,-0.534786
0.564559,0.0593668,0,-0.536174
0.560305,0.0596051,0,-0.537472
0.55608,0.0598328,0,-0.53878
0.551885,0.0600501,0,-0.54001
0.547719,0.0602572,0,-0.54121
0.543582,0.0604544,0,-0.542353
0.539475,0.0606418,0,-0.543472
0.535396,0.0608197,0,-0.544564
0.531346,0.0609883,0,-0.545664
0.527324,0.0611479,0,-0.546771
0.523331,0.0612986,0,-0.547923
0.519366,0.0614408,0,-0.54911
0.515429,0.0615746,0,-0.550363
0.511519,0.0617002,0,-0.551669
0.507637,0.0618179,0,-0.55305
0.503782,0.0619278,0,-0.55449
0.499954,0.0620302,0,-0.555999
0.496154,0.0621252,0,-0.557566
0.49238,0.0622132,0,-0.559178
0.488632,0.0622942,0,-0.560845
0.484912,0.0623685,0,-0.562514
0.481217,0.0624362,0,-0.564251
0.477548,0.0624977,0,-0.565922
0.473905,0.062553,0,-0.567707
0.470288,0.0626024,0,-0.569355
0.466697,0.0626459,0,-0.571179
0.46313,0.0626839,0,-0.572861
0.459589,0.0627164,0,-0.574732
0.456073,0.0627435,0,-0.576545
0.452581,0.0627656,0,-0.578496
0.449115,0.0627826,0,-0.580421
0.445672,0.0627948,0,-0.582404
0.442254,0.0628023,0,-0.584342
0.43886,0.0628052,0,-0.58627
0.43549,0.0628037,0,-0.588127
0.432143,0.0627979,0,-0.589943
0.42882,0.0627879,0,-0.591714
0.425521,0.0627738,0,-0.593471
0.422244,0.0627558,0,-0.59526
0.418991,0.0627339,0,-0.597107
0.415761,0.0627083,0,-0.599043
0.412553,0.0626791,0,-0.601082
0.409368,0.0626462,0,-0.603226
0.406205,0.0626099,0,-0.605473
0.403064,0.0625701,0,-0.607845
0.399946,0.0625271,0,-0.610288
0.396849,0.0624807,0,-0.612879
0.393774,0.0624312,0,-0.615463
0.390721,0.0623785,0,-0.618213
0.387689,0.0623228,0,-0.620832
0.384678,0.062264,0,-0.623626
0.381689,0.0622023,0,-0.626213
0.37872,0.0621377,0,-0.628935
0.375772,0.0620703,0,-0.631494
0.372845,0.062,0,-0.634097
0.369938,0.0619271,0,-0.636562
0.367052,0.0618515,0,-0.638997
0.364185,0.0617733,0,-0.64131
0.361339,0.0616925,0,-0.643575
0.358513,0.0616092,0,-0.645797
0.355706,0.0615235,0,-0.648036
0.352919,0.0614354,0,-0.650325
0.350151,0.0613449,0,-0.652702
0.347403,0.0612522,0,-0.655186
0.344674,0.0611572,0,-0.6578
0.341963,0.06106,0,-0.660541
0.339272,0.0609606,0,-0.663427
0.336599,0.0608592,0,-0.666454
0.333945,0.0607556,0,-0.66963
0.33131,0.0606501,0,-0.672968
0.328692,0.0605425,0,-0.676437
0.326093,0.060433,0,-0.680029
0.323512,0.0603216,0,-0.683679
0.320949,0.0602084,0,-0.687345
0.318403,0.0600934,0,-0.690954
0.315875,0.0599766,0,-0.69439
0.313365,0.059858,0,-0.697679
0.310871,0.0597378,0,-0.700657
0.308396,0.059616,0,-0.703508
0.305937,0.0594925,0,-0.706146
0.303495,0.0593675,0,-0.70871
0.30107,0.0592409,0,-0.711201
0.298661,0.0591129,0,-0.713704
0.29627,0.0589834,0,-0.716209
0.293894,0.0588525,0,-0.718773
0.291535,0.0587202,0,-0.721366
0.289192,0.0585866,0,-0.724041
0.286866,0.0584517,0,-0.726773
0.284555,0.0583155,0,-0.729612
0.28226,0.0581781,0,-0.732549
0.27998,0.0580395,0,-0.735624
0.277717,0.0578996,0,-0.738837
0.275468,0.0577586,0,-0.74221
0.273235,0.0576164,0,-0.745747
0.271018,0.0574731,0,-0.749427
0.268815,0.0573286,0,-0.753232
0.266627,0.057183,0,-0.757094
0.264455,0.0570364,0,-0.760979
0.262297,0.0568887,0,-0.764762
0.260153,0.0567399,0,-0.768425
0.258024,0.0565901,0,-0.771791
0.25591,0.0564393,0,-0.774938
0.25381,0.0562875,0,-0.777643
0.251724,0.0561347,0,-0.7802
0.249652,0.055981,0,-0.782342
0.247594,0.0558264,0,-0.784551
0.24555,0.0556708,0,-0.786547
0.24352,0.0555143,0,-0.788709
0.241503,0.055357,0,-0.790866
0.2395,0.0551988,0,-0.793229
0.237511,0.0550398,0,-0.795714
0.235534,0.05488,0,-0.798397
0.233571,0.0547193,0,-0.801224
0.231621,0.0545579,0,-0.804213
0.229684,0.0543957,0,-0.80732
0.22776,0.0542328,0,-0.810508
0.225849,0.0540692,0,-0.813735
0.22395,0.0539048,0,-0.816939
0.222064,0.0537398,0,-0.820094
0.220191,0.0535741,0,-0.82314
0.21833,0.0534077,0,-0.826087
0.216481,0.0532407,0,-0.828898
0.214645,0.053073,0,-0.831619
0.21282,0.0529047,0,-0.834237
0.211008,0.0527358,0,-0.836823
0.209207,0.0525663,0,-0.839377
0.207419,0.0523962,0,-0.84197
0.205642,0.0522255,0,-0.844594
0.203877,0.0520542,0,-0.8473
0.202123,0.0518823,0,-0.85005
0.200381,0.0517099,0,-0.852869
0.19865,0.051537,0,-0.855687
0.19693,0.0513635,0,-0.858541
0.195221,0.0511895,0,-0.861363
0.193524,0.0510149,0,-0.864215
0.191837,0.0508399,0,-0.867072
0.190162,0.0506644,0,-0.869963
0.188497,0.0504884,0,-0.872897
0.186843,0.0503119,0,-0.875874
0.1852,0.0501349,0,-0.878912
0.183567,0.0499575,0,-0.881986
0.181944,0.0497797,0,-0.885107
0.180332,0.0496014,0,-0.888236
0.178731,0.0494227,0,-0.891385
0.177139,0.0492435,0,-0.894535
0.175558,0.0490639,0,-0.897719
0.173986,0.0488839,0,-0.900931
0.172425,0.0487034,0,-0.90418
0.170873,0.0485225,0,-0.907453
0.169331,0.0483412,0,-0.910759
0.167799,0.0481595,0,-0.914109
0.166277,0.0479774,0,-0.917541
0.164764,0.0477949,0,-0.921063
0.16326,0.0476119,0,-0.924668
0.161766,0.0474286,0,-0.928331
0.160281,0.0472448,0,-0.932045
0.158806,0.0470607,0,-0.935825
0.157339,0.0468762,0,-0.93968
0.155882,0.0466913,0,-0.943609
0.154434,0.0465061,0,-0.947623
0.152994,0.0463205,0,-0.951768
0.151563,0.0461345,0,-0.956103
0.150142,0.0459482,0,-0.960651
0.148728,0.0457615,0,-0.965452
0.147324,0.0455745,0,-0.970557
0.145928,0.0453871,0,-0.976064
0.14454,0.0451995,0,-0.982075
0.143161,0.0450115,0,-0.988769
0.14179,0.0448231,0,-0.996347
0.140427,0.0446345,0,-1.00499
0.139073,0.0444455,0,-1.01491
0.137726,0.0442562,0,-1.02644
0.136388,0.0440666,0,-1.04002
0.135058,0.0438767,0,-1.05636
0.133735,0.0436864,0,-1.07655
0.13242,0.0434959,0,-1.10244
0.131113,0.043305,0,-1.13721
0.129814,0.0431138,0,-1.18643
0.128522,0.0429224,0,-1.25916
0.127238,0.0427306,0,-1.36706
0.125961,0.0425385,0,-1.49648
0.124692,0.0423461,0,-1.59998
0.12343,0.0421534,0,-1.65586
0.122175,0.0419604,0,-1.6781
0.120927,0.041767,0,-1.68475
0.119687,0.0415734,0,-1.68615
0.118454,0.0413794,0,-1.68639
0.117227,0.0411851,0,-1.68661
0.116008,0.0409905,0,-1.68695
0.114795,0.0407956,0,-1.68738
0.11359,0.0406004,0,-1.68785
0.112391,0.0404048,0,-1.68833
0.111198,0.0402089,0,-1.6888
0.110013,0.0400127,0,-1.68928
0.108833,0.0398161,0,-1.68979
0.107661,0.0396192,0,-1.69035
0.106494,0.0394219,0,-1.69095
0.105335,0.0392243,0,-1.69158
0.104181,0.0390263,0,-1.69222
0.103034,0.0388279,0,-1.69288
0.101893,0.0386292,0,-1.69355
0.100758,0.0384301,0,-1.69424
0.0996288,0.0382306,0,-1.69495
0.098506,0.0380307,0,-1.69566
0.097389,0.0378304,0,-1.69637
0.096278,0.0376296,0,-1.69706
0.0951729,0.0374285,0,-1.69772
0.0940735,0.037227,0,-1.69834
0.0929798,0.037025,0,-1.69892
0.0918918,0.0368225,0,-1.69946
0.0908094,0.0366197,0,-1.69996
0.0897326,0.0364163,0,-1.70043
0.0886613,0.0362125,0,-1.7009
0.0875954,0.0360082,0,-1.70137
0.0865349,0.0358035,0,-1.70186
0.0854798,0.0355982,0,-1.70238
0.08443,0.0353925,0,-1.70296
0.0833853,0.0351862,0,-1.7036
0.0823459,0.0349794,0,-1.70428
0.0813116,0.0347721,0,-1.70497
0.0802823,0.0345643,0,-1.70566
0.0792581,0.0343558,0,-1.70638
0.0782389,0.0341468,0,-1.70713
0.0772245,0.0339372,0,-1.70794
0.0762151,0.033727,0,-1.70879
0.0752104,0.0335162,0,-1.7097
0.0742106,0.0333047,0,-1.71064
0.0732154,0.0330926,0,-1.7116
0.0722249,0.0328798,0,-1.71253
0.0712391,0.0326664,0,-1.71341
0.0702578,0.0324523,0,-1.7142
0.069281,0.0322375,0,-1.71489
0.0683087,0.0320219,0,-1.71549
0.0673408,0.0318056,0,-1.71601
0.0663773,0.0315885,0,-1.71648
0.0654182,0.0313706,0,-1.71691
0.0644634,0.0311519,0,-1.71734
0.0635128,0.0309324,0,-1.71786
0.0625664,0.030712,0,-1.71852
0.0616241,0.0304908,0,-1.71938
0.060686,0.0302686,0,-1.7204
0.0597519,0.0300455,0,-1.72149
0.0588219,0.0298215,0,-1.72256
0.0578958,0.0295966,0,-1.72356
0.0569737,0.0293706,0,-1.72451
0.0560555,0.0291437,0,-1.72544
0.0551412,0.0289157,0,-1.72639
0.0542306,0.0286866,0,-1.7274
0.0533239,0.0284564,0,-1.7285
0.0524209,0.028225,0,-1.72971
0.0515216,0.0279925,0,-1.73103
0.0506259,0.0277588,0,-1.7324
0.0497339,0.0275238,0,-1.73373
0.0488455,0.0272876,0,-1.73491
0.0479607,0.02705,0,-1.7359
0.0470793,0.0268112,0,-1.7367
0.0462015,0.026571,0,-1.73736
0.0453271,0.0263293,0,-1.73794
0.0444561,0.0260862,0,-1.73846
0.0435885,0.0258415,0,-1.73887
0.0427244,0.0255953,0,-1.73913
0.0418635,0.0253474,0,-1.73924
0.041006,0.0250977,0,-1.73923
0.0401517,0.0248464,0,-1.73921
0.0393008,0.0245932,0,-1.73926
0.038453,0.0243382,0,-1.73949
0.0376085,0.0240813,0,-1.73989
0.0367672,0.0238224,0,-1.74042
0.0359291,0.0235614,0,-1.74099
0.0350942,0.0232983,0,-1.74155
0.0342624,0.0230328,0,-1.74205
0.0334338,0.022765,0,-1.74247
0.0326084,0.0224947,0,-1.74272
0.0317862,0.0222218,0,-1.74275
0.0309671,0.0219462,0,-1.74246
0.0301512,0.0216678,0,-1.74184
0.0293385,0.0213866,0,-1.74088
0.0285289,0.0211023,0,-1.73957
0.0277226,0.020815,0,-1.73797
0.0269195,0.0205244,0,-1.73623
0.0261196,0.0202303,0,-1.73453
0.0253231,0.0199326,0,-1.73306
0.0245299,0.0196311,0,-1.73192
0.0237401,0.0193256,0,-1.7311
0.0229537,0.019016,0,-1.73053
0.0221708,0.0187022,0,-1.73006
0.0213914,0.018384,0,-1.72949
0.0206156,0.0180611,0,-1.7285
0.0198436,0.0177333,0,-1.72678
0.0190754,0.0174003,0,-1.72412
0.0183112,0.0170616,0,-1.72025
0.0175512,0.0167171,0,-1.71499
0.0167955,0.0163663,0,-1.7083
0.0160444,0.016009,0,-1.70045
0.0152979,0.0156449,0,-1.69192
0.0145563,0.0152737,0,-1.68305
0.0138199,0.0148949,0,-1.67388
0.0130889,0.014508,0,-1.66437
0.0123639,0.0141124,0,-1.65441
0.0116452,0.0137075,0,-1.64378
0.0109333,0.0132928,0,-1.63221
0.0102286,0.0128678,0,-1.61949
0.00953152,0.012432,0,-1.60523
0.00884279,0.0119848,0,-1.58853
0.00816329,0.0115252,0,-1.56859
0.00749407,0.0110521,0,-1.54531
0.00683627,0.0105645,0,-1.51887
0.0061911,0.0100614,0,-1.48957
0.00555984,0.00954194,0,-1.45731
0.00494392,0.00900533,0,-1.42049
0.00434557,0.00845005,0,-1.37664
0.00376755,0.00787438,0,-1.3246
0.00321289,0.00727683,0,-1.26443
0.00268485,0.00665621,0,-1.1965
0.00218691,0.0060117,0,-1.11937
0.00172362,0.0053423,0,-1.02836
0.00130111,0.00464682,0,-0.918519
0.000926289,0.00392486,0,-0.786697
0.00060661,0.00317712,0,-0.632713
0.000349103,0.00240598,0,-0.462377
0.000158708,0.00161573,0,-0.282647
4.04813e-05,0.000811657,0,-0.0950773
2.45681e-10,7.00775e-11,0,0.100475
4.10564e-05,-0.000811628,0,0.293856
0.000159807,-0.00161563,0,0.470144
0.000350623,-0.00240577,0,0.623269
0.000608399,-0.00317683,0,0.753024
0.000928138,-0.00392454,0,0.859644
0.00130273,-0.00464662,0,0.943772
0.00172466,-0.00534244,0,1.008
0.00218695,-0.00601253,0,1.05533
0.00268343,-0.00665815,0,1.08918
0.00320953,-0.0072804,0,1.11249
0.00376183,-0.00788011,0,1.12757
0.0043371,-0.0084585,0,1.13612
0.00493233,-0.00901709,0,1.13964
0.00554479,-0.00955759,0,1.13928
0.00617227,-0.0100815,0,1.13586
0.00681336,-0.0105897,0,1.13017
0.00746685,-0.0110831,0,1.12261
0.00813155,-0.0115624,0,1.11384
0.00880638,-0.0120288,0,1.10398
0.00949031,-0.0124831,0,1.09357
0.0101824,-0.0129265,0,1.08251
0.0108821,-0.0133596,0,1.07118
0.011589,-0.0137827,0,1.05951
0.0123025,-0.0141965,0,1.04781
0.0130223,-0.0146013,0,1.03601
0.013748,-0.0149978,0,1.02432
0.0144791,-0.0153864,0,1.01263
0.0152154,-0.0157678,0,1.0011
0.0159565,-0.0161424,0,0.98959
0.0167023,-0.0165103,0,0.978231
0.0174526,-0.016872,0,0.966986
0.0182073,-0.0172276,0,0.955964
0.0189663,-0.0175773,0,0.945093
0.0197293,-0.0179216,0,0.934462
0.0204962,-0.0182605,0,0.92399
0.021267,-0.0185945,0,0.913745
0.0220416,-0.0189238,0,0.903632
0.0228197,-0.0192485,0,0.893701
0.0236015,-0.0195689,0,0.883906
0.0243868,-0.019885,0,0.874327
0.0251756,-0.020197,0,0.864903
0.0259678,-0.0205051,0,0.855692
0.0267635,-0.0208095,0,0.846636
0.0275625,-0.0211101,0,0.83778
0.0283649,-0.0214073,0,0.829063
0.0291706,-0.0217012,0,0.820518
0.0299795,-0.0219919,0,0.812077
0.0307918,-0.0222796,0,0.803775
0.0316073,-0.0225642,0,0.795585
0.032426,-0.022846,0,0.787556
0.0332481,-0.0231249,0,0.779644
0.0340734,-0.0234011,0,0.771888
0.034902,-0.0236746,0,0.764247
0.0357339,-0.0239456,0,0.756755
0.036569,-0.0242141,0,0.749367
0.0374075,-0.0244802,0,0.742112
0.0382492,-0.024744,0,0.734944
0.0390943,-0.0250056,0,0.727882
0.0399427,-0.0252651,0,0.720895
0.0407945,-0.0255224,0,0.714024
0.0416496,-0.0257777,0,0.707239
0.0425082,-0.0260309,0,0.700569
0.0433702,-0.0262822,0,0.693985
0.0442356,-0.0265317,0,0.687512
0.0451045,-0.0267792,0,0.681119
0.0459769,-0.027025,0,0.674832
0.0468528,-0.027269,0,0.668615
0.0477323,-0.0275114,0,0.662493
0.0486154,-0.0277521,0,0.656427
0.0495021,-0.0279913,0,0.650441
0.0503924,-0.0282289,0,0.644511
0.0512864,-0.028465,0,0.638668
0.0521841,-0.0286996,0,0.632886
0.0530856,-0.0289328,0,0.627188
0.0539908,-0.0291646,0,0.621549
0.0548999,-0.029395,0,0.615991
0.0558128,-0.0296241,0,0.610488
0.0567297,-0.0298519,0,0.605061
0.0576504,-0.0300784,0,0.599682
0.0585751,-0.0303038,0,0.594371
0.0595038,-0.0305279,0,0.589096
0.0604366,-0.030751,0,0.583876
0.0613734,-0.0309729,0,0.578691
0.0623144,-0.0311937,0,0.573568
0.0632595,-0.0314134,0,0.568484
0.0642089,-0.0316321,0,0.563461
0.0651625,-0.0318497,0,0.558479
0.0661204,-0.0320664,0,0.553553
0.0670826,-0.0322821,0,0.548669
0.0680492,-0.0324968,0,0.543835
0.0690203,-0.0327106,0,0.539043
0.0699958,-0.0329235,0,0.53429
0.0709758,-0.0331355,0,0.529578
0.0719604,-0.0333467,0,0.524891
0.0729496,-0.033557,0,0.52024
0.0739435,-0.0337666,0,0.515616
0.0749421,-0.0339753,0,0.511033
0.0759454,-0.0341833,0,0.506478
0.0769535,-0.0343904,0,0.501965
0.0779665,-0.0345969,0,0.497481
0.0789844,-0.0348026,0,0.493036
0.0800072,-0.0350075,0,0.488619
0.0810351,-0.0352118,0,0.484239
0.0820679,-0.0354154,0,0.479884
0.0831059,-0.0356183,0,0.475563
0.084149,-0.0358206,0,0.471261
0.0851974,-0.0360223,0,0.466987
0.086251,-0.0362233,0,0.462727
0.0873099,-0.0364237,0,0.458497
0.0883741,-0.0366236,0,0.454284
0.0894438,-0.0368228,0,0.450101
0.0905189,-0.0370215,0,0.445936
0.0915995,-0.0372196,0,0.4418
0.0926858,-0.0374172,0,0.43768
0.0937776,-0.0376143,0,0.433588
0.0948752,-0.0378108,0,0.429509
0.0959785,-0.0380068,0,0.425454
0.0970875,-0.0382023,0,0.42141
0.0982025,-0.0383973,0,0.417385
0.0993233,-0.0385918,0,0.413363
0.10045,-0.0387859,0,0.409356
0.101583,-0.0389796,0,0.405354
0.102722,-0.0391727,0,0.401371
0.103867,-0.0393654,0,0.397397
0.105018,-0.0395577,0,0.393441
0.106176,-0.0397495,0,0.389496
0.107339,-0.0399409,0,0.385568
0.10851,-0.0401318,0,0.381652
0.109686,-0.0403223,0,0.37775
0.110869,-0.0405124,0,0.373861
0.112059,-0.0407021,0,0.369981
0.113256,-0.0408913,0,0.366114
0.114459,-0.0410801,0,0.362251
0.115668,-0.0412685,0,0.358398
0.116885,-0.0414565,0,0.354551
0.118108,-0.0416441,0,0.350716
0.119339,-0.0418313,0,0.346889
0.120576,-0.0420181,0,0.343076
0.121821,-0.0422045,0,0.339271
0.123072,-0.0423904,0,0.335481
0.124331,-0.042576,0,0.331698
0.125597,-0.0427611,0,0.32793
0.12687,-0.0429458,0,0.324169
0.128151,-0.0431301,0,0.320423
0.12944,-0.043314,0,0.316683
0.130735,-0.0434975,0,0.312957
0.132039,-0.0436806,0,0.309236
0.13335,-0.0438632,0,0.305529
0.134669,-0.0440455,0,0.301826
0.135995,-0.0442274,0,0.298137
0.13733,-0.0444088,0,0.294451
0.138672,-0.0445898,0,0.290778
0.140023,-0.0447705,0,0.287106
0.141381,-0.0449507,0,0.283445
0.142748,-0.0451306,0,0.279784
0.144123,-0.04531,0,0.276131
0.145506,-0.045489,0,0.272475
0.146898,-0.0456677,0,0.268823
0.148298,-0.0458459,0,0.265166
0.149706,-0.0460238,0,0.261509
0.151123,-0.0462013,0,0.257851
0.152549,-0.0463783,0,0.254194
0.153984,-0.0465549,0,0.250539
0.155427,-0.0467311,0,0.246882
0.156879,-0.0469069,0,0.243227
0.158341,-0.0470823,0,0.239569
0.159811,-0.0472572,0,0.235913
0.16129,-0.0474318,0,0.232253
0.162779,-0.0476058,0,0.228593
0.164277,-0.0477794,0,0.224927
0.165784,-0.0479526,0,0.22126
0.167301,-0.0481254,0,0.217586
0.168827,-0.0482976,0,0.213912
0.170363,-0.0484694,0,0.210232
0.171908,-0.0486407,0,0.206552
0.173464,-0.0488116,0,0.202866
0.175029,-0.0489819,0,0.19918
0.176604,-0.0491517,0,0.195487
0.178189,-0.049321,0,0.191793
0.179784,-0.0494898,0,0.188091
0.181389,-0.0496581,0,0.184387
0.183005,-0.0498259,0,0.180671
0.184631,-0.049993,0,0.176951
0.186267,-0.0501597,0,0.173219
0.187914,-0.0503257,0,0.169484
0.189571,-0.0504912,0,0.165738
0.191239,-0.0506561,0,0.16199
0.192918,-0.0508204,0,0.158232
0.194608,-0.050984,0,0.154471
0.196309,-0.051147,0,0.150701
0.198021,-0.0513094,0,0.146927
0.199744,-0.0514711,0,0.143146
0.201478,-0.0516321,0,0.139358
0.203224,-0.0517924,0,0.135565
0.20498,-0.051952,0,0.131763
0.206749,-0.0521109,0,0.127954
0.208529,-0.052269,0,0.124133
0.210321,-0.0524264,0,0.120303
0.212124,-0.052583,0,0.116458
0.21394,-0.0527389,0,0.112601
0.215767,-0.052894,0,0.108725
0.217607,-0.0530483,0,0.104834
0.219458,-0.0532018,0,0.100918
0.221322,-0.0533545,0,0.0969814
0.223198,-0.0535064,0,0.0930124
0.225087,-0.0536574,0,0.0890144
0.226988,-0.0538075,0,0.0849833
0.228902,-0.0539568,0,0.0809282
0.230829,-0.0541051,0,0.0768434
0.232769,-0.0542525,0,0.0727357
0.234721,-0.0543989,0,0.0685985
0.236687,-0.0545442,0,0.0644383
0.238666,-0.0546885,0,0.0602481
0.240658,-0.0548318,0,0.0560333
0.242664,-0.0549739,0,0.051788
0.244683,-0.0551149,0,0.0475154
0.246715,-0.0552548,0,0.0432112
0.248762,-0.0553934,0,0.0388764
0.250822,-0.0555308,0,0.0345098
0.252896,-0.0556669,0,0.0301066
0.254984,-0.0558017,0,0.0256691
0.257086,-0.0559352,0,0.0211881
0.259203,-0.0560672,0,0.0166664
0.261334,-0.0561979,0,0.0120945
0.263479,-0.0563271,0,0.00747182
0.265639,-0.0564547,0,0.00278633
0.267814,-0.0565809,0,-0.00196028
0.270003,-0.0567054,0,-0.00676847
0.272208,-0.0568282,0,-0.0116268
0.274427,-0.0569492,0,-0.0165389
0.276662,-0.0570683,0,-0.0214976
0.278912,-0.0571855,0,-0.0265084
0.281177,-0.0573008,0,-0.0315644
0.283458,-0.0574139,0,-0.0366728
0.285755,-0.0575248,0,-0.0418277
0.288067,-0.0576334,0,-0.0470379
0.290395,-0.0577397,0,-0.0522956
0.292739,-0.0578435,0,-0.0576025
0.2951,-0.0579447,0,-0.0629465
0.297477,-0.0580432,0,-0.0683315
0.29987,-0.0581388,0,-0.0737474
0.302279,-0.0582315,0,-0.0791981
0.304706,-0.0583212,0,-0.0846747
0.307149,-0.0584076,0,-0.0901794
0.309609,-0.0584906,0,-0.0957075
0.312086,-0.0585702,0,-0.101256
0.31458,-0.0586462,0,-0.106823
0.317091,-0.0587183,0,-0.112393
0.31962,-0.0587865,0,-0.117967
0.322166,-0.0588506,0,-0.123529
0.32473,-0.0589105,0,-0.129077
0.327312,-0.0589658,0,-0.134596
0.329912,-0.0590166,0,-0.140079
0.33253,-0.0590625,0,-0.145505
0.335166,-0.0591034,0,-0.150868
0.337821,-0.0591392,0,-0.15616
0.340493,-0.0591697,0,-0.161388
0.343185,-0.0591947,0,-0.166543
0.345895,-0.0592141,0,-0.171627
0.348624,-0.0592276,0,-0.176626
0.351372,-0.0592352,0,-0.181539
0.354139,-0.0592367,0,-0.18635
0.356925,-0.0592318,0,-0.191054
0.359731,-0.0592203,0,-0.195636
0.362556,-0.0592022,0,-0.200099
0.365401,-0.0591773,0,-0.204431
0.368266,-0.0591453,0,-0.20863
0.37115,-0.0591061,0,-0.21268
0.374055,-0.0590595,0,-0.216574
0.37698,-0.0590053,0,-0.220291
0.379925,-0.0589433,0,-0.223815
0.38289,-0.0588734,0,-0.227133
0.385876,-0.0587953,0,-0.230241
0.388883,-0.0587091,0,-0.233154
0.39191,-0.0586144,0,-0.235861
0.394959,-0.0585112,0,-0.238364
0.398029,-0.0583993,0,-0.240655
0.401119,-0.0582787,0,-0.242729
0.404232,-0.058149,0,-0.244568
0.407365,-0.0580102,0,-0.246171
0.410521,-0.0578622,0,-0.247535
0.413698,-0.0577048,0,-0.24867
0.416897,-0.057538,0,-0.249569
0.420118,-0.0573615,0,-0.250233
0.423362,-0.0571754,0,-0.250652
0.426627,-0.0569795,0,-0.250823
0.429915,-0.0567736,0,-0.250733
0.433226,-0.0565577,0,-0.250386
0.43656,-0.0563317,0,-0.249789
0.439917,-0.0560956,0,-0.248955
0.443296,-0.0558493,0,-0.247883
0.446699,-0.0555927,0,-0.246579
0.450125,-0.0553258,0,-0.245039
0.453575,-0.0550485,0,-0.243268
0.457049,-0.0547607,0,-0.241264
0.460546,-0.0544625,0,-0.239041
0.464068,-0.0541539,0,-0.236605
0.467613,-0.0538348,0,-0.233962
0.471183,-0.0535051,0,-0.23112
0.474778,-0.053165,0,-0.228078
0.478397,-0.0528144,0,-0.224848
0.482041,-0.0524533,0,-0.221434
0.485711,-0.0520818,0,-0.21785
0.489405,-0.0516999,0,-0.214102
0.493125,-0.0513076,0,-0.210201
0.49687,-0.050905,0,-0.206153
0.500642,-0.0504922,0,-0.201969
0.504439,-0.0500692,0,-0.197654
0.508263,-0.0496361,0,-0.193222
0.512113,-0.0491931,0,-0.188686
0.515989,-0.0487401,0,-0.18406
0.519893,-0.0482774,0,-0.179359
0.523823,-0.0478051,0,-0.1746
0.527781,-0.0473233,0,-0.169799
0.531766,-0.0468321,0,-0.164964
0.535779,-0.0463315,0,-0.16009
0.539819,-0.0458217,0,-0.155175
0.543888,-0.0453028,0,-0.150219
0.547985,-0.0447748,0,-0.145229
0.552111,-0.0442378,0,-0.140207
0.556265,-0.043692,0,-0.13516
0.560449,-0.0431375,0,-0.13009
0.564662,-0.0425744,0,-0.125003
0.568904,-0.0420027,0,-0.119903
0.573176,-0.0414228,0,-0.1148
0.577478,-0.0408347,0,-0.109699
0.58181,-0.0402385,0,-0.104605
0.586172,-0.0396343,0,-0.0995104
0.590566,-0.0390222,0,-0.0944128
0.59499,-0.0384024,0,-0.0893147
0.599445,-0.037775,0,-0.0842188
0.603932,-0.0371402,0,-0.0791245
0.608451,-0.036498,0,-0.0740329
0.613001,-0.0358486,0,-0.0689426
0.617584,-0.0351922,0,-0.0638553
0.6222,-0.0345289,0,-0.0587711
0.626848,-0.0338588,0,-0.0536928
0.631529,-0.0331823,0,-0.0486187
0.636244,-0.0324993,0,-0.0435492
0.640992,-0.0318102,0,-0.0384814
0.645774,-0.0311151,0,-0.033417
0.65059,-0.0304142,0,-0.0283528
0.655441,-0.0297078,0,-0.0232956
0.660326,-0.0289961,0,-0.0182501
0.665247,-0.0282795,0,-0.0132255
0.670203,-0.0275582,0,-0.00822367
0.675195,-0.0268326,0,-0.00325301
0.680222,-0.0261029,0,0.00168692
0.685287,-0.0253695,0,0.00659049
0.690387,-0.0246327,0,0.0114582
0.695525,-0.0238929,0,0.0162844
0.7007,-0.0231504,0,0.0210678
0.705912,-0.0224058,0,0.0258019
0.711163,-0.0216593,0,0.0304814
0.716452,-0.0209115,0,0.0351043
0.721779,-0.0201628,0,0.0396617
0.727146,-0.0194137,0,0.0441464
0.732552,-0.0186649,0,0.0485411
0.737998,-0.0179169,0,0.0528378
0.743484,-0.0171703,0,0.0570208
0.74901,-0.0164258,0,0.0610802
0.754577,-0.0156839,0,0.0649976
0.760186,-0.0149454,0,0.0687601
0.765836,-0.0142108,0,0.0723526
0.771528,-0.0134807,0,0.075788
0.777262,-0.0127556,0,0.079073
0.783039,-0.0120361,0,0.0822166
0.788859,-0.0113227,0,0.0852181
0.794722,-0.010616,0,0.0880882
0.800629,-0.00991657,0,0.0908287
0.80658,-0.00922524,0,0.0934485
0.812576,-0.00854286,0,0.0959255
0.818616,-0.00787036,0,0.0982446
0.824702,-0.00720872,0,0.100387
0.830834,-0.00655905,0,0.10234
0.837011,-0.00592249,0,0.104072
0.843235,-0.0053003,0,0.105569
0.849506,-0.00469389,0,0.106789
0.855825,-0.00410477,0,0.107695
0.862191,-0.00353448,0,0.108241
0.868605,-0.00298459,0,0.108399
0.875067,-0.00245677,0,0.10813
0.881579,-0.00195314,0,0.107381
0.88814,-0.00147611,0,0.106026
0.89475,-0.00102812,0,0.103941
0.90141,-0.000611578,0,0.101022
0.908121,-0.00022906,0,0.097139
0.914882,0.000116392,0,0.0921507
0.921694,0.000421562,0,0.0857387
0.928558,0.000683409,0,0.0777413
0.935472,0.000898717,0,0.0677209
0.942438,0.00106336,0,0.055431
0.949455,0.00117245,0,0.0397491
0.956524,0.00122013,0,0.0200578
0.963644,0.00120117,0,-0.00619459
0.970815,0.00111125,0,-0.0402414
0.978036,0.000947191,0,-0.0878134
0.985308,0.000707975,0,-0.159198
0.992629,0.000392861,0,-0.249122
