Points_0,Points_1,Points_2,Pressure_Coefficient
1,0,0,0.0746495
0.992739,0.00151925,0,0.0887559
0.985523,0.00298981,0,0.0525511
0.978353,0.00442412,0,0.0464341
0.971231,0.0058254,0,0.0430599
0.964156,0.00719657,0,0.0367872
0.957129,0.00853886,0,0.0308506
0.950149,0.00985441,0,0.0240204
0.943216,0.0111454,0,0.0173326
0.936331,0.0124123,0,0.0103601
0.929492,0.0136555,0,0.00333585
0.9227,0.0148758,0,-0.00386258
0.915955,0.0160741,0,-0.0111592
0.909257,0.0172512,0,-0.018588
0.902604,0.0184074,0,-0.026113
0.895997,0.0195429,0,-0.033746
0.889435,0.0206585,0,-0.0414749
0.882919,0.0217549,0,-0.0493048
0.876448,0.0228325,0,-0.0572192
0.870022,0.0238914,0,-0.0652212
0.86364,0.0249318,0,-0.0733012
0.857303,0.0259541,0,-0.0814673
0.851009,0.0269588,0,-0.0897103
0.844759,0.0279463,0,-0.0980358
0.838553,0.0289166,0,-0.106437
0.832389,0.0298701,0,-0.114922
0.826269,0.0308068,0,-0.123482
0.82019,0.0317268,0,-0.132128
0.814155,0.0326299,0,-0.14085
0.80816,0.0335165,0,-0.149666
0.802208,0.0343865,0,-0.158568
0.796297,0.0352404,0,-0.167573
0.790427,0.0360781,0,-0.176681
0.784597,0.0368999,0,-0.185903
0.778808,0.0377056,0,-0.195247
0.77306,0.0384955,0,-0.204722
0.767351,0.0392698,0,-0.214343
0.761682,0.0400286,0,-0.22412
0.756052,0.0407722,0,-0.234069
0.750462,0.0415009,0,-0.2442
0.74491,0.0422147,0,-0.254531
0.739397,0.0429137,0,-0.265071
0.733922,0.0435979,0,-0.275841
0.728485,0.0442674,0,-0.286853
0.723086,0.0449225,0,-0.298126
0.717725,0.0455634,0,-0.309672
0.712401,0.0461902,0,-0.321506
0.707114,0.0468031,0,-0.333641
0.701864,0.0474024,0,-0.34609
0.696651,0.0479881,0,-0.35886
0.691474,0.0485606,0,-0.371958
0.686333,0.0491198,0,-0.385386
0.681227,0.0496661,0,-0.39915
0.676158,0.0501994,0,-0.413234
0.671124,0.0507198,0,-0.427644
0.666124,0.0512276,0,-0.442351
0.66116,0.0517227,0,-0.457351
0.656231,0.0522054,0,-0.472605
0.651335,0.0526758,0,-0.488093
0.646474,0.053134,0,-0.503765
0.641647,0.0535801,0,-0.519588
0.636854,0.0540142,0,-0.535502
0.632094,0.0544364,0,-0.551461
0.627367,0.0548466,0,-0.567394
0.622674,0.055245,0,-0.58325
0.618013,0.0556315,0,-0.598948
0.613385,0.0560062,0,-0.614439
0.608789,0.0563692,0,-0.629649
0.604225,0.0567205,0,-0.644543
0.599693,0.0570602,0,-0.659079
0.595193,0.0573884,0,-0.67327
0.590724,0.057705,0,-0.687142
0.586286,0.0580102,0,-0.700791
0.58188,0.058304,0,-0.714331
0.577504,0.0585865,0,-0.727943
0.573159,0.0588577,0,-0.741801
0.568844,0.0591177,0,-0.756222
0.564559,0.0593668,0,-0.771787
0.560305,0.0596051,0,-0.789502
0.55608,0.0598328,0,-0.811158
0.551885,0.0600501,0,-0.839845
0.547719,0.0602572,0,-0.880472
0.543582,0.0604544,0,-0.941367
0.539475,0.0606418,0,-1.03534
0.535396,0.0608197,0,-1.17483
0.531346,0.0609883,0,-1.32526
0.527324,0.0611479,0,-1.42766
0.523331,0.0612986,0,-1.47424
0.519366,0.0614408,0,-1.48771
0.515429,0.0615746,0,-1.48753
0.511519,0.0617002,0,-1.4837
0.507637,0.0618179,0,-1.47957
0.503782,0.0619278,0,-1.47585
0.499954,0.0620302,0,-1.4725
0.496154,0.0621252,0,-1.46941
0.49238,0.0622132,0,-1.46648
0.488632,0.0622942,0,-1.46366
0.484912,0.0623685,0,-1.46089
0.481217,0.0624362,0,-1.45814
0.477548,0.0624977,0,-1.45541
0.473905,0.062553,0,-1.45272
0.470288,0.0626024,0,-1.45011
0.466697,0.0626459,0,-1.44758
0.46313,0.0626839,0,-1.44513
0.459589,0.0627164,0,-1.44277
0.456073,0.0627435,0,-1.44049
0.452581,0.0627656,0,-1.43832
0.449115,0.0627826,0,-1.43627
0.445672,0.0627948,0,-1.43428
0.442254,0.0628023,0,-1.43229
0.43886,0.0628052,0,-1.43028
0.43549,0.0628037,0,-1.42826
0.432143,0.0627979,0,-1.42626
0.42882,0.0627879,0,-1.42434
0.425521,0.0627738,0,-1.42251
0.422244,0.0627558,0,-1.42074
0.418991,0.0627339,0,-1.41901
0.415761,0.0627083,0,-1.41731
0.412553,0.0626791,0,-1.41566
0.409368,0.0626462,0,-1.4141
0.406205,0.0626099,0,-1.41263
0.403064,0.0625701,0,-1.41124
0.399946,0.0625271,0,-1.40984
0.396849,0.0624807,0,-1.40841
0.393774,0.0624312,0,-1.40693
0.390721,0.0623785,0,-1.40543
0.387689,0.0623228,0,-1.40399
0.384678,0.062264,0,-1.40263
0.381689,0.0622023,0,-1.40138
0.37872,0.0621377,0,-1.40021
0.375772,0.0620703,0,-1.39909
0.372845,0.062,0,-1.39801
0.369938,0.0619271,0,-1.39696
0.367052,0.0618515,0,-1.39594
0.364185,0.0617733,0,-1.39496
0.361339,0.0616925,0,-1.39403
0.358513,0.0616092,0,-1.39313
0.355706,0.0615235,0,-1.39222
0.352919,0.0614354,0,-1.39131
0.350151,0.0613449,0,-1.39041
0.347403,0.0612522,0,-1.38958
0.344674,0.0611572,0,-1.38884
0.341963,0.06106,0,-1.38819
0.339272,0.0609606,0,-1.38758
0.336599,0.0608592,0,-1.38699
0.333945,0.0607556,0,-1.38639
0.33131,0.0606501,0,-1.3858
0.328692,0.0605425,0,-1.38524
0.326093,0.060433,0,-1.3847
0.323512,0.0603216,0,-1.38417
0.320949,0.0602084,0,-1.38361
0.318403,0.0600934,0,-1.383
0.315875,0.0599766,0,-1.38236
0.313365,0.059858,0,-1.38172
0.310871,0.0597378,0,-1.38109
0.308396,0.059616,0,-1.38048
0.305937,0.0594925,0,-1.37988
0.303495,0.0593675,0,-1.37934
0.30107,0.0592409,0,-1.37885
0.298661,0.0591129,0,-1.37844
0.29627,0.0589834,0,-1.37808
0.293894,0.0588525,0,-1.37776
0.291535,0.0587202,0,-1.37745
0.289192,0.0585866,0,-1.37713
0.286866,0.0584517,0,-1.37677
0.284555,0.0583155,0,-1.37636
0.28226,0.0581781,0,-1.37586
0.27998,0.0580395,0,-1.37528
0.277717,0.0578996,0,-1.37463
0.275468,0.0577586,0,-1.37396
0.273235,0.0576164,0,-1.37328
0.271018,0.0574731,0,-1.37264
0.268815,0.0573286,0,-1.37204
0.266627,0.057183,0,-1.37148
0.264455,0.0570364,0,-1.37094
0.262297,0.0568887,0,-1.37037
0.260153,0.0567399,0,-1.36975
0.258024,0.0565901,0,-1.36907
0.25591,0.0564393,0,-1.36835
0.25381,0.0562875,0,-1.36762
0.251724,0.0561347,0,-1.36693
0.249652,0.055981,0,-1.36627
0.247594,0.0558264,0,-1.36564
0.24555,0.0556708,0,-1.36502
0.24352,0.0555143,0,-1.36444
0.241503,0.055357,0,-1.36389
0.2395,0.0551988,0,-1.36337
0.237511,0.0550398,0,-1.36284
0.235534,0.05488,0,-1.36229
0.233571,0.0547193,0,-1.36173
0.231621,0.0545579,0,-1.36118
0.229684,0.0543957,0,-1.36065
0.22776,0.0542328,0,-1.36014
0.225849,0.0540692,0,-1.35964
0.22395,0.0539048,0,-1.35914
0.222064,0.0537398,0,-1.35864
0.220191,0.0535741,0,-1.35813
0.21833,0.0534077,0,-1.35766
0.216481,0.0532407,0,-1.35727
0.214645,0.053073,0,-1.35699
0.21282,0.0529047,0,-1.35685
0.211008,0.0527358,0,-1.3568
0.209207,0.0525663,0,-1.35676
0.207419,0.0523962,0,-1.35668
0.205642,0.0522255,0,-1.3565
0.203877,0.0520542,0,-1.35625
0.202123,0.0518823,0,-1.35598
0.200381,0.0517099,0,-1.35576
0.19865,0.051537,0,-1.3556
0.19693,0.0513635,0,-1.35549
0.195221,0.0511895,0,-1.35538
0.193524,0.0510149,0,-1.35522
0.191837,0.0508399,0,-1.35501
0.190162,0.0506644,0,-1.35479
0.188497,0.0504884,0,-1.35458
0.186843,0.0503119,0,-1.35443
0.1852,0.0501349,0,-1.35432
0.183567,0.0499575,0,-1.35425
0.181944,0.0497797,0,-1.35419
0.180332,0.0496014,0,-1.35417
0.178731,0.0494227,0,-1.35416
0.177139,0.0492435,0,-1.35416
0.175558,0.0490639,0,-1.35414
0.173986,0.0488839,0,-1.3541
0.172425,0.0487034,0,-1.35404
0.170873,0.0485225,0,-1.35394
0.169331,0.0483412,0,-1.35381
0.167799,0.0481595,0,-1.35366
0.166277,0.0479774,0,-1.35351
0.164764,0.0477949,0,-1.35342
0.16326,0.0476119,0,-1.3534
0.161766,0.0474286,0,-1.35346
0.160281,0.0472448,0,-1.35354
0.158806,0.0470607,0,-1.35361
0.157339,0.0468762,0,-1.35365
0.155882,0.0466913,0,-1.35367
0.154434,0.0465061,0,-1.3537
0.152994,0.0463205,0,-1.35377
0.151563,0.0461345,0,-1.35389
0.150142,0.0459482,0,-1.354
0.148728,0.0457615,0,-1.35406
0.147324,0.0455745,0,-1.35403
0.145928,0.0453871,0,-1.35393
0.14454,0.0451995,0,-1.35375
0.143161,0.0450115,0,-1.35353
0.14179,0.0448231,0,-1.35332
0.140427,0.0446345,0,-1.35315
0.139073,0.0444455,0,-1.35304
0.137726,0.0442562,0,-1.353
0.136388,0.0440666,0,-1.35297
0.135058,0.0438767,0,-1.35293
0.133735,0.0436864,0,-1.35288
0.13242,0.0434959,0,-1.35283
0.131113,0.043305,0,-1.35282
0.129814,0.0431138,0,-1.35289
0.128522,0.0429224,0,-1.35306
0.127238,0.0427306,0,-1.35333
0.125961,0.0425385,0,-1.35365
0.124692,0.0423461,0,-1.35399
0.12343,0.0421534,0,-1.35435
0.122175,0.0419604,0,-1.35479
0.120927,0.041767,0,-1.35532
0.119687,0.0415734,0,-1.35595
0.118454,0.0413794,0,-1.35662
0.117227,0.0411851,0,-1.35726
0.116008,0.0409905,0,-1.35782
0.114795,0.0407956,0,-1.35831
0.11359,0.0406004,0,-1.35876
0.112391,0.0404048,0,-1.35919
0.111198,0.0402089,0,-1.35961
0.110013,0.0400127,0,-1.35996
0.108833,0.0398161,0,-1.36021
0.107661,0.0396192,0,-1.36035
0.106494,0.0394219,0,-1.36043
0.105335,0.0392243,0,-1.3605
0.104181,0.0390263,0,-1.36056
0.103034,0.0388279,0,-1.36061
0.101893,0.0386292,0,-1.36061
0.100758,0.0384301,0,-1.36059
0.0996288,0.0382306,0,-1.36056
0.098506,0.0380307,0,-1.36054
0.097389,0.0378304,0,-1.36054
0.096278,0.0376296,0,-1.36056
0.0951729,0.0374285,0,-1.36061
0.0940735,0.037227,0,-1.36071
0.0929798,0.037025,0,-1.36085
0.0918918,0.0368225,0,-1.36104
0.0908094,0.0366197,0,-1.3613
0.0897326,0.0364163,0,-1.36162
0.0886613,0.0362125,0,-1.36202
0.0875954,0.0360082,0,-1.3625
0.0865349,0.0358035,0,-1.36306
0.0854798,0.0355982,0,-1.36366
0.08443,0.0353925,0,-1.36428
0.0833853,0.0351862,0,-1.36494
0.0823459,0.0349794,0,-1.36566
0.0813116,0.0347721,0,-1.36648
0.0802823,0.0345643,0,-1.36739
0.0792581,0.0343558,0,-1.36835
0.0782389,0.0341468,0,-1.36931
0.0772245,0.0339372,0,-1.37026
0.0762151,0.033727,0,-1.3712
0.0752104,0.0335162,0,-1.37211
0.0742106,0.0333047,0,-1.37301
0.0732154,0.0330926,0,-1.3739
0.0722249,0.0328798,0,-1.37484
0.0712391,0.0326664,0,-1.37586
0.0702578,0.0324523,0,-1.37693
0.069281,0.0322375,0,-1.37799
0.0683087,0.0320219,0,-1.37895
0.0673408,0.0318056,0,-1.37981
0.0663773,0.0315885,0,-1.38063
0.0654182,0.0313706,0,-1.38141
0.0644634,0.0311519,0,-1.38211
0.0635128,0.0309324,0,-1.38263
0.0625664,0.030712,0,-1.38292
0.0616241,0.0304908,0,-1.38298
0.060686,0.0302686,0,-1.38296
0.0597519,0.0300455,0,-1.383
0.0588219,0.0298215,0,-1.38318
0.0578958,0.0295966,0,-1.38345
0.0569737,0.0293706,0,-1.38371
0.0560555,0.0291437,0,-1.38389
0.0551412,0.0289157,0,-1.384
0.0542306,0.0286866,0,-1.38407
0.0533239,0.0284564,0,-1.38412
0.0524209,0.028225,0,-1.38412
0.0515216,0.0279925,0,-1.38411
0.0506259,0.0277588,0,-1.3842
0.0497339,0.0275238,0,-1.38459
0.0488455,0.0272876,0,-1.3854
0.0479607,0.02705,0,-1.38658
0.0470793,0.0268112,0,-1.38792
0.0462015,0.026571,0,-1.38913
0.0453271,0.0263293,0,-1.39007
0.0444561,0.0260862,0,-1.39076
0.0435885,0.0258415,0,-1.39135
0.0427244,0.0255953,0,-1.39194
0.0418635,0.0253474,0,-1.39258
0.041006,0.0250977,0,-1.39319
0.0401517,0.0248464,0,-1.39367
0.0393008,0.0245932,0,-1.39392
0.038453,0.0243382,0,-1.3939
0.0376085,0.0240813,0,-1.39363
0.0367672,0.0238224,0,-1.39314
0.0359291,0.0235614,0,-1.3925
0.0350942,0.0232983,0,-1.39178
0.0342624,0.0230328,0,-1.391
0.0334338,0.022765,0,-1.39019
0.0326084,0.0224947,0,-1.38943
0.0317862,0.0222218,0,-1.38881
0.0309671,0.0219462,0,-1.38842
0.0301512,0.0216678,0,-1.38829
0.0293385,0.0213866,0,-1.38835
0.0285289,0.0211023,0,-1.38837
0.0277226,0.020815,0,-1.38804
0.0269195,0.0205244,0,-1.38709
0.0261196,0.0202303,0,-1.38534
0.0253231,0.0199326,0,-1.38275
0.0245299,0.0196311,0,-1.37944
0.0237401,0.0193256,0,-1.3757
0.0229537,0.019016,0,-1.37188
0.0221708,0.0187022,0,-1.3683
0.0213914,0.018384,0,-1.36492
0.0206156,0.0180611,0,-1.36125
0.0198436,0.0177333,0,-1.3567
0.0190754,0.0174003,0,-1.35108
0.0183112,0.0170616,0,-1.34462
0.0175512,0.0167171,0,-1.33788
0.0167955,0.0163663,0,-1.33139
0.0160444,0.016009,0,-1.32532
0.0152979,0.0156449,0,-1.31928
0.0145563,0.0152737,0,-1.31229
0.0138199,0.0148949,0,-1.30328
0.0130889,0.014508,0,-1.29181
0.0123639,0.0141124,0,-1.27808
0.0116452,0.0137075,0,-1.2626
0.0109333,0.0132928,0,-1.24594
0.0102286,0.0128678,0,-1.22859
0.00953152,0.012432,0,-1.21045
0.00884279,0.0119848,0,-1.19036
0.00816329,0.0115252,0,-1.16707
0.00749407,0.0110521,0,-1.14025
0.00683627,0.0105645,0,-1.11012
0.0061911,0.0100614,0,-1.07711
0.00555984,0.00954194,0,-1.04133
0.00494392,0.00900533,0,-1.00089
0.00434557,0.00845005,0,-0.952648
0.00376755,0.00787438,0,-0.89487
0.00321289,0.00727683,0,-0.827785
0.00268485,0.00665621,0,-0.752761
0.00218691,0.0060117,0,-0.669749
0.00172362,0.0053423,0,-0.575162
0.00130111,0.00464682,0,-0.464615
0.000926289,0.00392486,0,-0.335248
0.00060661,0.00317712,0,-0.186956
0.000349103,0.00240598,0,-0.025709
0.000158708,0.00161573,0,0.140823
4.04813e-05,0.000811657,0,0.309224
2.45681e-10,7.00775e-11,0,0.477473
4.10564e-05,-0.000811628,0,0.635537
0.000159807,-0.00161563,0,0.772252
0.000350623,-0.00240577,0,0.88445
0.000608399,-0.00317683,0,0.972809
0.000928138,-0.00392454,0,1.03872
0.00130273,-0.00464662,0,1.08446
0.00172466,-0.00534244,0,1.11362
0.00218695,-0.00601253,0,1.12966
0.00268343,-0.00665815,0,1.13591
0.00320953,-0.0072804,0,1.13482
0.00376183,-0.00788011,0,1.12839
0.0043371,-0.0084585,0,1.11808
0.00493233,-0.00901709,0,1.10515
0.00554479,-0.00955759,0,1.09049
0.00617227,-0.0100815,0,1.07456
0.00681336,-0.0105897,0,1.05788
0.00746685,-0.0110831,0,1.04072
0.00813155,-0.0115624,0,1.02354
0.00880638,-0.0120288,0,1.00632
0.00949031,-0.0124831,0,0.989383
0.0101824,-0.0129265,0,0.972527
0.0108821,-0.0133596,0,0.955941
0.011589,-0.0137827,0,0.939585
0.0123025,-0.0141965,0,0.923691
0.0130223,-0.0146013,0,0.908162
0.013748,-0.0149978,0,0.89311
0.0144791,-0.0153864,0,0.878431
0.0152154,-0.0157678,0,0.864155
0.0159565,-0.0161424,0,0.850133
0.0167023,-0.0165103,0,0.83645
0.0174526,-0.016872,0,0.823105
0.0182073,-0.0172276,0,0.810166
0.0189663,-0.0175773,0,0.797571
0.0197293,-0.0179216,0,0.785368
0.0204962,-0.0182605,0,0.773481
0.021267,-0.0185945,0,0.761934
0.0220416,-0.0189238,0,0.750629
0.0228197,-0.0192485,0,0.739578
0.0236015,-0.0195689,0,0.728759
0.0243868,-0.019885,0,0.718238
0.0251756,-0.020197,0,0.707967
0.0259678,-0.0205051,0,0.697981
0.0267635,-0.0208095,0,0.688232
0.0275625,-0.0211101,0,0.678744
0.0283649,-0.0214073,0,0.669462
0.0291706,-0.0217012,0,0.660397
0.0299795,-0.0219919,0,0.651481
0.0307918,-0.0222796,0,0.642734
0.0316073,-0.0225642,0,0.634149
0.032426,-0.022846,0,0.625761
0.0332481,-0.0231249,0,0.617539
0.0340734,-0.0234011,0,0.609509
0.034902,-0.0236746,0,0.601639
0.0357339,-0.0239456,0,0.593949
0.036569,-0.0242141,0,0.586402
0.0374075,-0.0244802,0,0.579012
0.0382492,-0.024744,0,0.571738
0.0390943,-0.0250056,0,0.564587
0.0399427,-0.0252651,0,0.557535
0.0407945,-0.0255224,0,0.550618
0.0416496,-0.0257777,0,0.543815
0.0425082,-0.0260309,0,0.537148
0.0433702,-0.0262822,0,0.530592
0.0442356,-0.0265317,0,0.524166
0.0451045,-0.0267792,0,0.517845
0.0459769,-0.027025,0,0.511645
0.0468528,-0.027269,0,0.505537
0.0477323,-0.0275114,0,0.499535
0.0486154,-0.0277521,0,0.493606
0.0495021,-0.0279913,0,0.487763
0.0503924,-0.0282289,0,0.481994
0.0512864,-0.028465,0,0.476321
0.0521841,-0.0286996,0,0.470726
0.0530856,-0.0289328,0,0.465225
0.0539908,-0.0291646,0,0.4598
0.0548999,-0.029395,0,0.454466
0.0558128,-0.0296241,0,0.449202
0.0567297,-0.0298519,0,0.444021
0.0576504,-0.0300784,0,0.438902
0.0585751,-0.0303038,0,0.433855
0.0595038,-0.0305279,0,0.428855
0.0604366,-0.030751,0,0.423913
0.0613734,-0.0309729,0,0.419015
0.0623144,-0.0311937,0,0.414184
0.0632595,-0.0314134,0,0.409403
0.0642089,-0.0316321,0,0.404687
0.0651625,-0.0318497,0,0.400023
0.0661204,-0.0320664,0,0.395421
0.0670826,-0.0322821,0,0.39087
0.0680492,-0.0324968,0,0.386375
0.0690203,-0.0327106,0,0.381929
0.0699958,-0.0329235,0,0.377528
0.0709758,-0.0331355,0,0.373172
0.0719604,-0.0333467,0,0.368847
0.0729496,-0.033557,0,0.36456
0.0739435,-0.0337666,0,0.360306
0.0749421,-0.0339753,0,0.356097
0.0759454,-0.0341833,0,0.351924
0.0769535,-0.0343904,0,0.347795
0.0779665,-0.0345969,0,0.343702
0.0789844,-0.0348026,0,0.339652
0.0800072,-0.0350075,0,0.335636
0.0810351,-0.0352118,0,0.331661
0.0820679,-0.0354154,0,0.327716
0.0831059,-0.0356183,0,0.323808
0.084149,-0.0358206,0,0.319924
0.0851974,-0.0360223,0,0.316069
0.086251,-0.0362233,0,0.312233
0.0873099,-0.0364237,0,0.308427
0.0883741,-0.0366236,0,0.304645
0.0894438,-0.0368228,0,0.300894
0.0905189,-0.0370215,0,0.297166
0.0915995,-0.0372196,0,0.29347
0.0926858,-0.0374172,0,0.289794
0.0937776,-0.0376143,0,0.286148
0.0948752,-0.0378108,0,0.28252
0.0959785,-0.0380068,0,0.278918
0.0970875,-0.0382023,0,0.275329
0.0982025,-0.0383973,0,0.271761
0.0993233,-0.0385918,0,0.268199
0.10045,-0.0387859,0,0.264652
0.101583,-0.0389796,0,0.261114
0.102722,-0.0391727,0,0.257595
0.103867,-0.0393654,0,0.254089
0.105018,-0.0395577,0,0.250604
0.106176,-0.0397495,0,0.247133
0.107339,-0.0399409,0,0.243681
0.10851,-0.0401318,0,0.240245
0.109686,-0.0403223,0,0.236825
0.110869,-0.0405124,0,0.233421
0.112059,-0.0407021,0,0.230029
0.113256,-0.0408913,0,0.226653
0.114459,-0.0410801,0,0.223282
0.115668,-0.0412685,0,0.219924
0.116885,-0.0414565,0,0.216575
0.118108,-0.0416441,0,0.213242
0.119339,-0.0418313,0,0.209919
0.120576,-0.0420181,0,0.206614
0.121821,-0.0422045,0,0.20332
0.123072,-0.0423904,0,0.200045
0.124331,-0.042576,0,0.196781
0.125597,-0.0427611,0,0.193535
0.12687,-0.0429458,0,0.190301
0.128151,-0.0431301,0,0.187084
0.12944,-0.043314,0,0.183878
0.130735,-0.0434975,0,0.180689
0.132039,-0.0436806,0,0.17751
0.13335,-0.0438632,0,0.174346
0.134669,-0.0440455,0,0.171193
0.135995,-0.0442274,0,0.168055
0.13733,-0.0444088,0,0.164925
0.138672,-0.0445898,0,0.16181
0.140023,-0.0447705,0,0.158702
0.141381,-0.0449507,0,0.155607
0.142748,-0.0451306,0,0.152516
0.144123,-0.04531,0,0.149435
0.145506,-0.045489,0,0.146356
0.146898,-0.0456677,0,0.143283
0.148298,-0.0458459,0,0.140207
0.149706,-0.0460238,0,0.137135
0.151123,-0.0462013,0,0.134065
0.152549,-0.0463783,0,0.130999
0.153984,-0.0465549,0,0.127938
0.155427,-0.0467311,0,0.124879
0.156879,-0.0469069,0,0.121826
0.158341,-0.0470823,0,0.118774
0.159811,-0.0472572,0,0.115727
0.16129,-0.0474318,0,0.11268
0.162779,-0.0476058,0,0.109636
0.164277,-0.0477794,0,0.106591
0.165784,-0.0479526,0,0.103548
0.167301,-0.0481254,0,0.100502
0.168827,-0.0482976,0,0.0974592
0.170363,-0.0484694,0,0.0944153
0.171908,-0.0486407,0,0.0913752
0.173464,-0.0488116,0,0.0883337
0.175029,-0.0489819,0,0.0852958
0.176604,-0.0491517,0,0.0822557
0.178189,-0.049321,0,0.0792182
0.179784,-0.0494898,0,0.0761772
0.181389,-0.0496581,0,0.0731371
0.183005,-0.0498259,0,0.0700913
0.184631,-0.049993,0,0.067044
0.186267,-0.0501597,0,0.0639899
0.187914,-0.0503257,0,0.060936
0.189571,-0.0504912,0,0.0578776
0.191239,-0.0506561,0,0.0548204
0.192918,-0.0508204,0,0.0517597
0.194608,-0.050984,0,0.0486998
0.196309,-0.051147,0,0.0456377
0.198021,-0.0513094,0,0.0425754
0.199744,-0.0514711,0,0.0395128
0.201478,-0.0516321,0,0.0364483
0.203224,-0.0517924,0,0.0333851
0.20498,-0.051952,0,0.0303184
0.206749,-0.0521109,0,0.0272512
0.208529,-0.052269,0,0.0241778
0.210321,-0.0524264,0,0.0211004
0.212124,-0.052583,0,0.0180141
0.21394,-0.0527389,0,0.0149213
0.215767,-0.052894,0,0.0118159
0.217607,-0.0530483,0,0.0086996
0.219458,-0.0532018,0,0.00556527
0.221322,-0.0533545,0,0.00241395
0.223198,-0.0535064,0,-0.000763554
0.225087,-0.0536574,0,-0.00396551
0.226988,-0.0538075,0,-0.00719452
0.228902,-0.0539568,0,-0.0104423
0.230829,-0.0541051,0,-0.0137129
0.232769,-0.0542525,0,-0.0170008
0.234721,-0.0543989,0,-0.0203111
0.236687,-0.0545442,0,-0.0236381
0.238666,-0.0546885,0,-0.0269876
0.240658,-0.0548318,0,-0.0303549
0.242664,-0.0549739,0,-0.0337451
0.244683,-0.0551149,0,-0.0371553
0.246715,-0.0552548,0,-0.0405895
0.248762,-0.0553934,0,-0.0440462
0.250822,-0.0555308,0,-0.047527
0.252896,-0.0556669,0,-0.0510356
0.254984,-0.0558017,0,-0.0545709
0.257086,-0.0559352,0,-0.0581405
0.259203,-0.0560672,0,-0.0617427
0.261334,-0.0561979,0,-0.0653859
0.263479,-0.0563271,0,-0.0690719
0.265639,-0.0564547,0,-0.0728115
0.267814,-0.0565809,0,-0.0766037
0.270003,-0.0567054,0,-0.0804474
0.272208,-0.0568282,0,-0.0843315
0.274427,-0.0569492,0,-0.0882579
0.276662,-0.0570683,0,-0.0922201
0.278912,-0.0571855,0,-0.0962216
0.281177,-0.0573008,0,-0.100257
0.283458,-0.0574139,0,-0.10433
0.285755,-0.0575248,0,-0.108437
0.288067,-0.0576334,0,-0.112584
0.290395,-0.0577397,0,-0.116765
0.292739,-0.0578435,0,-0.120978
0.2951,-0.0579447,0,-0.125212
0.297477,-0.0580432,0,-0.12947
0.29987,-0.0581388,0,-0.13374
0.302279,-0.0582315,0,-0.138026
0.304706,-0.0583212,0,-0.142318
0.307149,-0.0584076,0,-0.146617
0.309609,-0.0584906,0,-0.150918
0.312086,-0.0585702,0,-0.155218
0.31458,-0.0586462,0,-0.159512
0.317091,-0.0587183,0,-0.163786
0.31962,-0.0587865,0,-0.168038
0.322166,-0.0588506,0,-0.172251
0.32473,-0.0589105,0,-0.176423
0.327312,-0.0589658,0,-0.180538
0.329912,-0.0590166,0,-0.184588
0.33253,-0.0590625,0,-0.18855
0.335166,-0.0591034,0,-0.192418
0.337821,-0.0591392,0,-0.196183
0.340493,-0.0591697,0,-0.199854
0.343185,-0.0591947,0,-0.20342
0.345895,-0.0592141,0,-0.206882
0.348624,-0.0592276,0,-0.210226
0.351372,-0.0592352,0,-0.213451
0.354139,-0.0592367,0,-0.216541
0.356925,-0.0592318,0,-0.219491
0.359731,-0.0592203,0,-0.222286
0.362556,-0.0592022,0,-0.22493
0.365401,-0.0591773,0,-0.227412
0.368266,-0.0591453,0,-0.229729
0.37115,-0.0591061,0,-0.231866
0.374055,-0.0590595,0,-0.233816
0.37698,-0.0590053,0,-0.235561
0.379925,-0.0589433,0,-0.237086
0.38289,-0.0588734,0,-0.238378
0.385876,-0.0587953,0,-0.239436
0.388883,-0.0587091,0,-0.240273
0.39191,-0.0586144,0,-0.240883
0.394959,-0.0585112,0,-0.241269
0.398029,-0.0583993,0,-0.241424
0.401119,-0.0582787,0,-0.241346
0.404232,-0.058149,0,-0.241021
0.407365,-0.0580102,0,-0.240448
0.410521,-0.0578622,0,-0.239628
0.413698,-0.0577048,0,-0.238571
0.416897,-0.057538,0,-0.237275
0.420118,-0.0573615,0,-0.235742
0.423362,-0.0571754,0,-0.233966
0.426627,-0.0569795,0,-0.231945
0.429915,-0.0567736,0,-0.22967
0.433226,-0.0565577,0,-0.227149
0.43656,-0.0563317,0,-0.22439
0.439917,-0.0560956,0,-0.221407
0.443296,-0.0558493,0,-0.218201
0.446699,-0.0555927,0,-0.21478
0.450125,-0.0553258,0,-0.211143
0.453575,-0.0550485,0,-0.207298
0.457049,-0.0547607,0,-0.203243
0.460546,-0.0544625,0,-0.198993
0.464068,-0.0541539,0,-0.194555
0.467613,-0.0538348,0,-0.189936
0.471183,-0.0535051,0,-0.185143
0.474778,-0.053165,0,-0.18018
0.478397,-0.0528144,0,-0.175055
0.482041,-0.0524533,0,-0.169776
0.485711,-0.0520818,0,-0.164355
0.489405,-0.0516999,0,-0.1588
0.493125,-0.0513076,0,-0.15312
0.49687,-0.050905,0,-0.147324
0.500642,-0.0504922,0,-0.141419
0.504439,-0.0500692,0,-0.135413
0.508263,-0.0496361,0,-0.129318
0.512113,-0.0491931,0,-0.123145
0.515989,-0.0487401,0,-0.116909
0.519893,-0.0482774,0,-0.110621
0.523823,-0.0478051,0,-0.104296
0.527781,-0.0473233,0,-0.0979465
0.531766,-0.0468321,0,-0.0915821
0.535779,-0.0463315,0,-0.0851974
0.539819,-0.0458217,0,-0.0787905
0.543888,-0.0453028,0,-0.0723633
0.547985,-0.0447748,0,-0.0659196
0.552111,-0.0442378,0,-0.0594623
0.556265,-0.043692,0,-0.0529965
0.560449,-0.0431375,0,-0.046523
0.564662,-0.0425744,0,-0.0400487
0.568904,-0.0420027,0,-0.0335743
0.573176,-0.0414228,0,-0.0271105
0.577478,-0.0408347,0,-0.0206581
0.58181,-0.0402385,0,-0.0142231
0.586172,-0.0396343,0,-0.00779641
0.590566,-0.0390222,0,-0.00137794
0.59499,-0.0384024,0,0.00503121
0.599445,-0.037775,0,0.0114283
0.603932,-0.0371402,0,0.0178154
0.608451,-0.036498,0,0.0241901
0.613001,-0.0358486,0,0.0305559
0.617584,-0.0351922,0,0.0369102
0.6222,-0.0345289,0,0.0432553
0.626848,-0.0338588,0,0.049587
0.631529,-0.0331823,0,0.0559096
0.636244,-0.0324993,0,0.0622203
0.640992,-0.0318102,0,0.0685241
0.645774,-0.0311151,0,0.0748172
0.65059,-0.0304142,0,0.081105
0.655441,-0.0297078,0,0.0873795
0.660326,-0.0289961,0,0.09364
0.665247,-0.0282795,0,0.0998767
0.670203,-0.0275582,0,0.106091
0.675195,-0.0268326,0,0.112275
0.680222,-0.0261029,0,0.11843
0.685287,-0.0253695,0,0.124552
0.690387,-0.0246327,0,0.130641
0.695525,-0.0238929,0,0.136694
0.7007,-0.0231504,0,0.14271
0.705912,-0.0224058,0,0.148685
0.711163,-0.0216593,0,0.154613
0.716452,-0.0209115,0,0.160497
0.721779,-0.0201628,0,0.166326
0.727146,-0.0194137,0,0.1721
0.732552,-0.0186649,0,0.177803
0.737998,-0.0179169,0,0.183433
0.743484,-0.0171703,0,0.188974
0.74901,-0.0164258,0,0.194425
0.754577,-0.0156839,0,0.19977
0.760186,-0.0149454,0,0.205003
0.765836,-0.0142108,0,0.210112
0.771528,-0.0134807,0,0.215111
0.777262,-0.0127556,0,0.220004
0.783039,-0.0120361,0,0.224803
0.788859,-0.0113227,0,0.229504
0.794722,-0.010616,0,0.234123
0.800629,-0.00991657,0,0.238657
0.80658,-0.00922524,0,0.243119
0.812576,-0.00854286,0,0.24749
0.818616,-0.00787036,0,0.251768
0.824702,-0.00720872,0,0.255934
0.830834,-0.00655905,0,0.259988
0.837011,-0.00592249,0,0.263905
0.843235,-0.0053003,0,0.267684
0.849506,-0.00469389,0,0.271293
0.855825,-0.00410477,0,0.274716
0.862191,-0.00353448,0,0.277919
0.868605,-0.00298459,0,0.280894
0.875067,-0.00245677,0,0.283614
0.881579,-0.00195314,0,0.286059
0.88814,-0.00147611,0,0.288142
0.89475,-0.00102812,0,0.289803
0.90141,-0.000611578,0,0.290973
0.908121,-0.00022906,0,0.2916
0.914882,0.000116392,0,0.291592
0.921694,0.000421562,0,0.290802
0.928558,0.000683409,0,0.289108
0.935472,0.000898717,0,0.28636
0.942438,0.00106336,0,0.282348
0.949455,0.00117245,0,0.276658
0.956524,0.00122013,0,0.268781
0.963644,0.00120117,0,0.257801
0.970815,0.00111125,0,0.242906
0.978036,0.000947191,0,0.221734
0.985308,0.000707975,0,0.189069
0.992629,0.000392861,0,0.156647
