Points_0,Points_1,Points_2,Pressure_Coefficient
1,0,0,0.255809
0.992739,0.00151925,0,0.218756
0.985523,0.00298981,0,0.188908
0.978353,0.00442412,0,0.165416
0.971231,0.0058254,0,0.144283
0.964156,0.00719657,0,0.123782
0.957129,0.00853886,0,0.105061
0.950149,0.00985441,0,0.0873528
0.943216,0.0111454,0,0.0705326
0.936331,0.0124123,0,0.0545838
0.929492,0.0136555,0,0.0394057
0.9227,0.0148758,0,0.0249558
0.915955,0.0160741,0,0.0110898
0.909257,0.0172512,0,-0.00224073
0.902604,0.0184074,0,-0.0150489
0.895997,0.0195429,0,-0.0273633
0.889435,0.0206585,0,-0.0392765
0.882919,0.0217549,0,-0.0508639
0.876448,0.0228325,0,-0.0621379
0.870022,0.0238914,0,-0.073094
0.86364,0.0249318,0,-0.0837496
0.857303,0.0259541,0,-0.0941575
0.851009,0.0269588,0,-0.104358
0.844759,0.0279463,0,-0.114379
0.838553,0.0289166,0,-0.124239
0.832389,0.0298701,0,-0.13395
0.826269,0.0308068,0,-0.143507
0.82019,0.0317268,0,-0.152898
0.814155,0.0326299,0,-0.162107
0.80816,0.0335165,0,-0.171148
0.802208,0.0343865,0,-0.180037
0.796297,0.0352404,0,-0.188798
0.790427,0.0360781,0,-0.197427
0.784597,0.0368999,0,-0.205918
0.778808,0.0377056,0,-0.214251
0.77306,0.0384955,0,-0.222423
0.767351,0.0392698,0,-0.23045
0.761682,0.0400286,0,-0.238357
0.756052,0.0407722,0,-0.246169
0.750462,0.0415009,0,-0.25389
0.74491,0.0422147,0,-0.261508
0.739397,0.0429137,0,-0.269005
0.733922,0.0435979,0,-0.276366
0.728485,0.0442674,0,-0.283592
0.723086,0.0449225,0,-0.290693
0.717725,0.0455634,0,-0.29768
0.712401,0.0461902,0,-0.304561
0.707114,0.0468031,0,-0.311346
0.701864,0.0474024,0,-0.318044
0.696651,0.0479881,0,-0.324662
0.691474,0.0485606,0,-0.331207
0.686333,0.0491198,0,-0.337686
0.681227,0.0496661,0,-0.344094
0.676158,0.0501994,0,-0.350426
0.671124,0.0507198,0,-0.356681
0.666124,0.0512276,0,-0.362855
0.66116,0.0517227,0,-0.368953
0.656231,0.0522054,0,-0.374975
0.651335,0.0526758,0,-0.380934
0.646474,0.053134,0,-0.386841
0.641647,0.0535801,0,-0.392704
0.636854,0.0540142,0,-0.398504
0.632094,0.0544364,0,-0.404228
0.627367,0.0548466,0,-0.409858
0.622674,0.055245,0,-0.415383
0.618013,0.0556315,0,-0.420789
0.613385,0.0560062,0,-0.426067
0.608789,0.0563692,0,-0.431205
0.604225,0.0567205,0,-0.436192
0.599693,0.0570602,0,-0.441012
0.595193,0.0573884,0,-0.445649
0.590724,0.057705,0,-0.450081
0.586286,0.0580102,0,-0.454298
0.58188,0.058304,0,-0.458279
0.577504,0.0585865,0,-0.461989
0.573159,0.0588577,0,-0.465382
0.568844,0.0591177,0,-0.468451
0.564559,0.0593668,0,-0.471211
0.560305,0.0596051,0,-0.473674
0.55608,0.0598328,0,-0.475846
0.551885,0.0600501,0,-0.477733
0.547719,0.0602572,0,-0.479331
0.543582,0.0604544,0,-0.480657
0.539475,0.0606418,0,-0.481725
0.535396,0.0608197,0,-0.482555
0.531346,0.0609883,0,-0.483155
0.527324,0.0611479,0,-0.483541
0.523331,0.0612986,0,-0.483718
0.519366,0.0614408,0,-0.4837
0.515429,0.0615746,0,-0.483492
0.511519,0.0617002,0,-0.483108
0.507637,0.0618179,0,-0.482554
0.503782,0.0619278,0,-0.481839
0.499954,0.0620302,0,-0.480969
0.496154,0.0621252,0,-0.479958
0.49238,0.0622132,0,-0.478816
0.488632,0.0622942,0,-0.47756
0.484912,0.0623685,0,-0.4762
0.481217,0.0624362,0,-0.474752
0.477548,0.0624977,0,-0.47322
0.473905,0.062553,0,-0.471609
0.470288,0.0626024,0,-0.469924
0.466697,0.0626459,0,-0.468179
0.46313,0.0626839,0,-0.46638
0.459589,0.0627164,0,-0.464537
0.456073,0.0627435,0,-0.462654
0.452581,0.0627656,0,-0.460737
0.449115,0.0627826,0,-0.458793
0.445672,0.0627948,0,-0.456827
0.442254,0.0628023,0,-0.454847
0.43886,0.0628052,0,-0.452852
0.43549,0.0628037,0,-0.45085
0.432143,0.0627979,0,-0.448841
0.42882,0.0627879,0,-0.446837
0.425521,0.0627738,0,-0.444845
0.422244,0.0627558,0,-0.442872
0.418991,0.0627339,0,-0.440913
0.415761,0.0627083,0,-0.438969
0.412553,0.0626791,0,-0.437034
0.409368,0.0626462,0,-0.435108
0.406205,0.0626099,0,-0.433193
0.403064,0.0625701,0,-0.431293
0.399946,0.0625271,0,-0.429408
0.396849,0.0624807,0,-0.427537
0.393774,0.0624312,0,-0.425671
0.390721,0.0623785,0,-0.423805
0.387689,0.0623228,0,-0.421935
0.384678,0.062264,0,-0.420061
0.381689,0.0622023,0,-0.418181
0.37872,0.0621377,0,-0.416296
0.375772,0.0620703,0,-0.414405
0.372845,0.062,0,-0.412508
0.369938,0.0619271,0,-0.410605
0.367052,0.0618515,0,-0.408693
0.364185,0.0617733,0,-0.406774
0.361339,0.0616925,0,-0.404847
0.358513,0.0616092,0,-0.402916
0.355706,0.0615235,0,-0.400979
0.352919,0.0614354,0,-0.39904
0.350151,0.0613449,0,-0.397094
0.347403,0.0612522,0,-0.395142
0.344674,0.0611572,0,-0.393182
0.341963,0.06106,0,-0.391215
0.339272,0.0609606,0,-0.389241
0.336599,0.0608592,0,-0.387261
0.333945,0.0607556,0,-0.385273
0.33131,0.0606501,0,-0.383276
0.328692,0.0605425,0,-0.381267
0.326093,0.060433,0,-0.379249
0.323512,0.0603216,0,-0.377224
0.320949,0.0602084,0,-0.375193
0.318403,0.0600934,0,-0.373152
0.315875,0.0599766,0,-0.371103
0.313365,0.059858,0,-0.369047
0.310871,0.0597378,0,-0.366986
0.308396,0.059616,0,-0.36492
0.305937,0.0594925,0,-0.362852
0.303495,0.0593675,0,-0.360779
0.30107,0.0592409,0,-0.35871
0.298661,0.0591129,0,-0.35664
0.29627,0.0589834,0,-0.354576
0.293894,0.0588525,0,-0.352515
0.291535,0.0587202,0,-0.350463
0.289192,0.0585866,0,-0.34842
0.286866,0.0584517,0,-0.346393
0.284555,0.0583155,0,-0.344382
0.28226,0.0581781,0,-0.342384
0.27998,0.0580395,0,-0.340394
0.277717,0.0578996,0,-0.338409
0.275468,0.0577586,0,-0.336425
0.273235,0.0576164,0,-0.334441
0.271018,0.0574731,0,-0.332455
0.268815,0.0573286,0,-0.330466
0.266627,0.057183,0,-0.328472
0.264455,0.0570364,0,-0.326475
0.262297,0.0568887,0,-0.324473
0.260153,0.0567399,0,-0.322466
0.258024,0.0565901,0,-0.320454
0.25591,0.0564393,0,-0.318436
0.25381,0.0562875,0,-0.316407
0.251724,0.0561347,0,-0.314374
0.249652,0.055981,0,-0.312334
0.247594,0.0558264,0,-0.310288
0.24555,0.0556708,0,-0.308235
0.24352,0.0555143,0,-0.306173
0.241503,0.055357,0,-0.304105
0.2395,0.0551988,0,-0.302029
0.237511,0.0550398,0,-0.299948
0.235534,0.05488,0,-0.297859
0.233571,0.0547193,0,-0.295767
0.231621,0.0545579,0,-0.293669
0.229684,0.0543957,0,-0.291568
0.22776,0.0542328,0,-0.289463
0.225849,0.0540692,0,-0.287359
0.22395,0.0539048,0,-0.285254
0.222064,0.0537398,0,-0.283154
0.220191,0.0535741,0,-0.281057
0.21833,0.0534077,0,-0.278962
0.216481,0.0532407,0,-0.276865
0.214645,0.053073,0,-0.274767
0.21282,0.0529047,0,-0.272664
0.211008,0.0527358,0,-0.270558
0.209207,0.0525663,0,-0.268445
0.207419,0.0523962,0,-0.266329
0.205642,0.0522255,0,-0.264206
0.203877,0.0520542,0,-0.262077
0.202123,0.0518823,0,-0.259939
0.200381,0.0517099,0,-0.257795
0.19865,0.051537,0,-0.255643
0.19693,0.0513635,0,-0.253486
0.195221,0.0511895,0,-0.251322
0.193524,0.0510149,0,-0.249153
0.191837,0.0508399,0,-0.246979
0.190162,0.0506644,0,-0.244799
0.188497,0.0504884,0,-0.242615
0.186843,0.0503119,0,-0.240426
0.1852,0.0501349,0,-0.238236
0.183567,0.0499575,0,-0.236046
0.181944,0.0497797,0,-0.233859
0.180332,0.0496014,0,-0.231671
0.178731,0.0494227,0,-0.229481
0.177139,0.0492435,0,-0.227284
0.175558,0.0490639,0,-0.225082
0.173986,0.0488839,0,-0.222868
0.172425,0.0487034,0,-0.220645
0.170873,0.0485225,0,-0.218408
0.169331,0.0483412,0,-0.216161
0.167799,0.0481595,0,-0.213898
0.166277,0.0479774,0,-0.211622
0.164764,0.0477949,0,-0.209328
0.16326,0.0476119,0,-0.207019
0.161766,0.0474286,0,-0.204693
0.160281,0.0472448,0,-0.202353
0.158806,0.0470607,0,-0.199998
0.157339,0.0468762,0,-0.197631
0.155882,0.0466913,0,-0.195251
0.154434,0.0465061,0,-0.192857
0.152994,0.0463205,0,-0.190452
0.151563,0.0461345,0,-0.188036
0.150142,0.0459482,0,-0.185608
0.148728,0.0457615,0,-0.183173
0.147324,0.0455745,0,-0.180728
0.145928,0.0453871,0,-0.17828
0.14454,0.0451995,0,-0.175822
0.143161,0.0450115,0,-0.173359
0.14179,0.0448231,0,-0.170884
0.140427,0.0446345,0,-0.168401
0.139073,0.0444455,0,-0.165905
0.137726,0.0442562,0,-0.163401
0.136388,0.0440666,0,-0.160884
0.135058,0.0438767,0,-0.15836
0.133735,0.0436864,0,-0.155824
0.13242,0.0434959,0,-0.153281
0.131113,0.043305,0,-0.150727
0.129814,0.0431138,0,-0.148169
0.128522,0.0429224,0,-0.145602
0.127238,0.0427306,0,-0.143031
0.125961,0.0425385,0,-0.140448
0.124692,0.0423461,0,-0.137858
0.12343,0.0421534,0,-0.135255
0.122175,0.0419604,0,-0.132642
0.120927,0.041767,0,-0.130015
0.119687,0.0415734,0,-0.127379
0.118454,0.0413794,0,-0.124729
0.117227,0.0411851,0,-0.122069
0.116008,0.0409905,0,-0.119397
0.114795,0.0407956,0,-0.11672
0.11359,0.0406004,0,-0.114035
0.112391,0.0404048,0,-0.111345
0.111198,0.0402089,0,-0.108646
0.110013,0.0400127,0,-0.105936
0.108833,0.0398161,0,-0.103212
0.107661,0.0396192,0,-0.100473
0.106494,0.0394219,0,-0.0977152
0.105335,0.0392243,0,-0.0949424
0.104181,0.0390263,0,-0.0921479
0.103034,0.0388279,0,-0.0893379
0.101893,0.0386292,0,-0.0865064
0.100758,0.0384301,0,-0.0836591
0.0996288,0.0382306,0,-0.0807916
0.098506,0.0380307,0,-0.0779118
0.097389,0.0378304,0,-0.0750143
0.096278,0.0376296,0,-0.072102
0.0951729,0.0374285,0,-0.0691674
0.0940735,0.037227,0,-0.066214
0.0929798,0.037025,0,-0.0632354
0.0918918,0.0368225,0,-0.0602358
0.0908094,0.0366197,0,-0.0572096
0.0897326,0.0364163,0,-0.0541619
0.0886613,0.0362125,0,-0.0510878
0.0875954,0.0360082,0,-0.0479924
0.0865349,0.0358035,0,-0.0448713
0.0854798,0.0355982,0,-0.041732
0.08443,0.0353925,0,-0.0385737
0.0833853,0.0351862,0,-0.0354022
0.0823459,0.0349794,0,-0.0322081
0.0813116,0.0347721,0,-0.0289923
0.0802823,0.0345643,0,-0.0257466
0.0792581,0.0343558,0,-0.0224739
0.0782389,0.0341468,0,-0.0191674
0.0772245,0.0339372,0,-0.0158308
0.0762151,0.033727,0,-0.0124585
0.0752104,0.0335162,0,-0.00905489
0.0742106,0.0333047,0,-0.00561569
0.0732154,0.0330926,0,-0.00214704
0.0722249,0.0328798,0,0.00135328
0.0712391,0.0326664,0,0.00487643
0.0702578,0.0324523,0,0.00842506
0.069281,0.0322375,0,0.0120017
0.0683087,0.0320219,0,0.0156177
0.0673408,0.0318056,0,0.0192697
0.0663773,0.0315885,0,0.0229704
0.0654182,0.0313706,0,0.0267121
0.0644634,0.0311519,0,0.0305068
0.0635128,0.0309324,0,0.0343447
0.0625664,0.030712,0,0.038236
0.0616241,0.0304908,0,0.0421709
0.060686,0.0302686,0,0.0461575
0.0597519,0.0300455,0,0.0501811
0.0588219,0.0298215,0,0.0542448
0.0578958,0.0295966,0,0.0583419
0.0569737,0.0293706,0,0.0624911
0.0560555,0.0291437,0,0.0666898
0.0551412,0.0289157,0,0.0709524
0.0542306,0.0286866,0,0.0752732
0.0533239,0.0284564,0,0.0796645
0.0524209,0.028225,0,0.0841175
0.0515216,0.0279925,0,0.0886424
0.0506259,0.0277588,0,0.0932284
0.0497339,0.0275238,0,0.0978834
0.0488455,0.0272876,0,0.102589
0.0479607,0.02705,0,0.107339
0.0470793,0.0268112,0,0.112127
0.0462015,0.026571,0,0.116981
0.0453271,0.0263293,0,0.121905
0.0444561,0.0260862,0,0.126921
0.0435885,0.0258415,0,0.132028
0.0427244,0.0255953,0,0.137241
0.0418635,0.0253474,0,0.142552
0.041006,0.0250977,0,0.147973
0.0401517,0.0248464,0,0.153494
0.0393008,0.0245932,0,0.159118
0.038453,0.0243382,0,0.164807
0.0376085,0.0240813,0,0.170555
0.0367672,0.0238224,0,0.17638
0.0359291,0.0235614,0,0.182331
0.0350942,0.0232983,0,0.188424
0.0342624,0.0230328,0,0.194694
0.0334338,0.022765,0,0.201143
0.0326084,0.0224947,0,0.207798
0.0317862,0.0222218,0,0.214652
0.0309671,0.0219462,0,0.221725
0.0301512,0.0216678,0,0.228991
0.0293385,0.0213866,0,0.236428
0.0285289,0.0211023,0,0.244022
0.0277226,0.020815,0,0.251848
0.0269195,0.0205244,0,0.259939
0.0261196,0.0202303,0,0.268352
0.0253231,0.0199326,0,0.277098
0.0245299,0.0196311,0,0.286214
0.0237401,0.0193256,0,0.295696
0.0229537,0.019016,0,0.305566
0.0221708,0.0187022,0,0.315761
0.0213914,0.018384,0,0.326223
0.0206156,0.0180611,0,0.336985
0.0198436,0.0177333,0,0.348213
0.0190754,0.0174003,0,0.359987
0.0183112,0.0170616,0,0.372412
0.0175512,0.0167171,0,0.38552
0.0167955,0.0163663,0,0.399387
0.0160444,0.016009,0,0.413998
0.0152979,0.0156449,0,0.429288
0.0145563,0.0152737,0,0.445192
0.0138199,0.0148949,0,0.461934
0.0130889,0.014508,0,0.479689
0.0123639,0.0141124,0,0.498636
0.0116452,0.0137075,0,0.51884
0.0109333,0.0132928,0,0.540419
0.0102286,0.0128678,0,0.563247
0.00953152,0.012432,0,0.587181
0.00884279,0.0119848,0,0.612335
0.00816329,0.0115252,0,0.639203
0.00749407,0.0110521,0,0.667981
0.00683627,0.0105645,0,0.698855
0.0061911,0.0100614,0,0.731814
0.00555984,0.00954194,0,0.76642
0.00494392,0.00900533,0,0.802666
0.00434557,0.00845005,0,0.840865
0.00376755,0.00787438,0,0.881111
0.00321289,0.00727683,0,0.923
0.00268485,0.00665621,0,0.965613
0.00218691,0.0060117,0,1.00774
0.00172362,0.0053423,0,1.04823
0.00130111,0.00464682,0,1.08516
0.000926289,0.00392486,0,1.11556
0.00060661,0.00317712,0,1.13552
0.000349103,0.00240598,0,1.14063
0.000158708,0.00161573,0,1.12728
4.04813e-05,0.000811657,0,1.0927
2.45681e-10,7.00775e-11,0,1.03524
4.10564e-05,-0.000811628,0,0.957588
0.000159807,-0.00161563,0,0.865804
0.000350623,-0.00240577,0,0.76429
0.000608399,-0.00317683,0,0.657876
0.000928138,-0.00392454,0,0.55308
0.00130273,-0.00464662,0,0.455092
0.00172466,-0.00534244,0,0.365558
0.00218695,-0.00601253,0,0.28453
0.00268343,-0.00665815,0,0.210821
0.00320953,-0.0072804,0,0.143243
0.00376183,-0.00788011,0,0.0824976
0.0043371,-0.0084585,0,0.0292256
0.00493233,-0.00901709,0,-0.0173865
0.00554479,-0.00955759,0,-0.0590226
0.00617227,-0.0100815,0,-0.0976662
0.00681336,-0.0105897,0,-0.133565
0.00746685,-0.0110831,0,-0.165851
0.00813155,-0.0115624,0,-0.194328
0.00880638,-0.0120288,0,-0.219544
0.00949031,-0.0124831,0,-0.242286
0.0101824,-0.0129265,0,-0.263681
0.0108821,-0.0133596,0,-0.284193
0.011589,-0.0137827,0,-0.30339
0.0123025,-0.0141965,0,-0.32085
0.0130223,-0.0146013,0,-0.33659
0.013748,-0.0149978,0,-0.350817
0.0144791,-0.0153864,0,-0.363902
0.0152154,-0.0157678,0,-0.376305
0.0159565,-0.0161424,0,-0.388471
0.0167023,-0.0165103,0,-0.400341
0.0174526,-0.016872,0,-0.411591
0.0182073,-0.0172276,0,-0.422036
0.0189663,-0.0175773,0,-0.431679
0.0197293,-0.0179216,0,-0.440581
0.0204962,-0.0182605,0,-0.448875
0.021267,-0.0185945,0,-0.456714
0.0220416,-0.0189238,0,-0.464323
0.0228197,-0.0192485,0,-0.471811
0.0236015,-0.0195689,0,-0.479092
0.0243868,-0.019885,0,-0.486012
0.0251756,-0.020197,0,-0.492518
0.0259678,-0.0205051,0,-0.498597
0.0267635,-0.0208095,0,-0.504287
0.0275625,-0.0211101,0,-0.509631
0.0283649,-0.0214073,0,-0.514716
0.0291706,-0.0217012,0,-0.519632
0.0299795,-0.0219919,0,-0.524495
0.0307918,-0.0222796,0,-0.529331
0.0316073,-0.0225642,0,-0.534071
0.032426,-0.022846,0,-0.538625
0.0332481,-0.0231249,0,-0.542955
0.0340734,-0.0234011,0,-0.547041
0.034902,-0.0236746,0,-0.550904
0.0357339,-0.0239456,0,-0.554567
0.036569,-0.0242141,0,-0.558069
0.0374075,-0.0244802,0,-0.561447
0.0382492,-0.024744,0,-0.564758
0.0390943,-0.0250056,0,-0.568042
0.0399427,-0.0252651,0,-0.571295
0.0407945,-0.0255224,0,-0.574458
0.0416496,-0.0257777,0,-0.577502
0.0425082,-0.0260309,0,-0.580404
0.0433702,-0.0262822,0,-0.583166
0.0442356,-0.0265317,0,-0.585785
0.0451045,-0.0267792,0,-0.588275
0.0459769,-0.027025,0,-0.590642
0.0468528,-0.027269,0,-0.59291
0.0477323,-0.0275114,0,-0.595091
0.0486154,-0.0277521,0,-0.597216
0.0495021,-0.0279913,0,-0.599298
0.0503924,-0.0282289,0,-0.601335
0.0512864,-0.028465,0,-0.603306
0.0521841,-0.0286996,0,-0.605197
0.0530856,-0.0289328,0,-0.606986
0.0539908,-0.0291646,0,-0.608672
0.0548999,-0.029395,0,-0.610253
0.0558128,-0.0296241,0,-0.611751
0.0567297,-0.0298519,0,-0.613179
0.0576504,-0.0300784,0,-0.614563
0.0585751,-0.0303038,0,-0.615918
0.0595038,-0.0305279,0,-0.617268
0.0604366,-0.030751,0,-0.618616
0.0613734,-0.0309729,0,-0.619948
0.0623144,-0.0311937,0,-0.621236
0.0632595,-0.0314134,0,-0.622483
0.0642089,-0.0316321,0,-0.623695
0.0651625,-0.0318497,0,-0.62488
0.0661204,-0.0320664,0,-0.626036
0.0670826,-0.0322821,0,-0.627156
0.0680492,-0.0324968,0,-0.628232
0.0690203,-0.0327106,0,-0.629262
0.0699958,-0.0329235,0,-0.630255
0.0709758,-0.0331355,0,-0.631217
0.0719604,-0.0333467,0,-0.632167
0.0729496,-0.033557,0,-0.633106
0.0739435,-0.0337666,0,-0.634026
0.0749421,-0.0339753,0,-0.634928
0.0759454,-0.0341833,0,-0.635821
0.0769535,-0.0343904,0,-0.636702
0.0779665,-0.0345969,0,-0.637558
0.0789844,-0.0348026,0,-0.638369
0.0800072,-0.0350075,0,-0.639142
0.0810351,-0.0352118,0,-0.639889
0.0820679,-0.0354154,0,-0.640631
0.0831059,-0.0356183,0,-0.641372
0.084149,-0.0358206,0,-0.642105
0.0851974,-0.0360223,0,-0.642821
0.086251,-0.0362233,0,-0.643527
0.0873099,-0.0364237,0,-0.644225
0.0883741,-0.0366236,0,-0.644927
0.0894438,-0.0368228,0,-0.645634
0.0905189,-0.0370215,0,-0.646341
0.0915995,-0.0372196,0,-0.647039
0.0926858,-0.0374172,0,-0.647725
0.0937776,-0.0376143,0,-0.648402
0.0948752,-0.0378108,0,-0.649079
0.0959785,-0.0380068,0,-0.649762
0.0970875,-0.0382023,0,-0.650462
0.0982025,-0.0383973,0,-0.65118
0.0993233,-0.0385918,0,-0.651925
0.10045,-0.0387859,0,-0.652692
0.101583,-0.0389796,0,-0.653475
0.102722,-0.0391727,0,-0.654262
0.103867,-0.0393654,0,-0.655053
0.105018,-0.0395577,0,-0.655843
0.106176,-0.0397495,0,-0.656633
0.107339,-0.0399409,0,-0.657422
0.10851,-0.0401318,0,-0.658211
0.109686,-0.0403223,0,-0.658997
0.110869,-0.0405124,0,-0.659779
0.112059,-0.0407021,0,-0.660558
0.113256,-0.0408913,0,-0.661337
0.114459,-0.0410801,0,-0.662131
0.115668,-0.0412685,0,-0.662943
0.116885,-0.0414565,0,-0.663763
0.118108,-0.0416441,0,-0.664574
0.119339,-0.0418313,0,-0.665377
0.120576,-0.0420181,0,-0.666176
0.121821,-0.0422045,0,-0.666977
0.123072,-0.0423904,0,-0.667774
0.124331,-0.042576,0,-0.668561
0.125597,-0.0427611,0,-0.669327
0.12687,-0.0429458,0,-0.670072
0.128151,-0.0431301,0,-0.670797
0.12944,-0.043314,0,-0.671515
0.130735,-0.0434975,0,-0.672232
0.132039,-0.0436806,0,-0.672947
0.13335,-0.0438632,0,-0.67365
0.134669,-0.0440455,0,-0.674332
0.135995,-0.0442274,0,-0.674986
0.13733,-0.0444088,0,-0.675616
0.138672,-0.0445898,0,-0.676224
0.140023,-0.0447705,0,-0.676819
0.141381,-0.0449507,0,-0.677409
0.142748,-0.0451306,0,-0.678002
0.144123,-0.04531,0,-0.678604
0.145506,-0.045489,0,-0.67922
0.146898,-0.0456677,0,-0.679852
0.148298,-0.0458459,0,-0.680505
0.149706,-0.0460238,0,-0.681174
0.151123,-0.0462013,0,-0.681853
0.152549,-0.0463783,0,-0.682534
0.153984,-0.0465549,0,-0.683209
0.155427,-0.0467311,0,-0.683884
0.156879,-0.0469069,0,-0.684574
0.158341,-0.0470823,0,-0.685291
0.159811,-0.0472572,0,-0.686026
0.16129,-0.0474318,0,-0.686759
0.162779,-0.0476058,0,-0.687483
0.164277,-0.0477794,0,-0.688214
0.165784,-0.0479526,0,-0.688969
0.167301,-0.0481254,0,-0.689755
0.168827,-0.0482976,0,-0.690558
0.170363,-0.0484694,0,-0.691365
0.171908,-0.0486407,0,-0.692165
0.173464,-0.0488116,0,-0.692955
0.175029,-0.0489819,0,-0.693733
0.176604,-0.0491517,0,-0.694506
0.178189,-0.049321,0,-0.695278
0.179784,-0.0494898,0,-0.696061
0.181389,-0.0496581,0,-0.696862
0.183005,-0.0498259,0,-0.697691
0.184631,-0.049993,0,-0.698552
0.186267,-0.0501597,0,-0.699442
0.187914,-0.0503257,0,-0.700351
0.189571,-0.0504912,0,-0.701269
0.191239,-0.0506561,0,-0.702182
0.192918,-0.0508204,0,-0.703088
0.194608,-0.050984,0,-0.703989
0.196309,-0.051147,0,-0.704893
0.198021,-0.0513094,0,-0.705805
0.199744,-0.0514711,0,-0.706724
0.201478,-0.0516321,0,-0.707647
0.203224,-0.0517924,0,-0.708568
0.20498,-0.051952,0,-0.709482
0.206749,-0.0521109,0,-0.710382
0.208529,-0.052269,0,-0.711257
0.210321,-0.0524264,0,-0.712106
0.212124,-0.052583,0,-0.712943
0.21394,-0.0527389,0,-0.713788
0.215767,-0.052894,0,-0.714659
0.217607,-0.0530483,0,-0.715562
0.219458,-0.0532018,0,-0.716505
0.221322,-0.0533545,0,-0.717496
0.223198,-0.0535064,0,-0.718546
0.225087,-0.0536574,0,-0.719661
0.226988,-0.0538075,0,-0.720838
0.228902,-0.0539568,0,-0.722065
0.230829,-0.0541051,0,-0.723334
0.232769,-0.0542525,0,-0.724644
0.234721,-0.0543989,0,-0.726001
0.236687,-0.0545442,0,-0.727409
0.238666,-0.0546885,0,-0.728875
0.240658,-0.0548318,0,-0.730394
0.242664,-0.0549739,0,-0.731959
0.244683,-0.0551149,0,-0.733565
0.246715,-0.0552548,0,-0.735224
0.248762,-0.0553934,0,-0.736945
0.250822,-0.0555308,0,-0.738726
0.252896,-0.0556669,0,-0.740557
0.254984,-0.0558017,0,-0.742432
0.257086,-0.0559352,0,-0.744369
0.259203,-0.0560672,0,-0.746389
0.261334,-0.0561979,0,-0.748511
0.263479,-0.0563271,0,-0.750747
0.265639,-0.0564547,0,-0.753119
0.267814,-0.0565809,0,-0.755642
0.270003,-0.0567054,0,-0.758319
0.272208,-0.0568282,0,-0.761134
0.274427,-0.0569492,0,-0.764079
0.276662,-0.0570683,0,-0.767147
0.278912,-0.0571855,0,-0.770338
0.281177,-0.0573008,0,-0.773653
0.283458,-0.0574139,0,-0.777103
0.285755,-0.0575248,0,-0.780696
0.288067,-0.0576334,0,-0.784455
0.290395,-0.0577397,0,-0.788397
0.292739,-0.0578435,0,-0.792534
0.2951,-0.0579447,0,-0.796865
0.297477,-0.0580432,0,-0.801394
0.29987,-0.0581388,0,-0.806117
0.302279,-0.0582315,0,-0.811035
0.304706,-0.0583212,0,-0.816128
0.307149,-0.0584076,0,-0.82136
0.309609,-0.0584906,0,-0.82667
0.312086,-0.0585702,0,-0.832002
0.31458,-0.0586462,0,-0.837349
0.317091,-0.0587183,0,-0.842778
0.31962,-0.0587865,0,-0.848418
0.322166,-0.0588506,0,-0.85437
0.32473,-0.0589105,0,-0.860647
0.327312,-0.0589658,0,-0.86717
0.329912,-0.0590166,0,-0.873837
0.33253,-0.0590625,0,-0.880547
0.335166,-0.0591034,0,-0.887219
0.337821,-0.0591392,0,-0.893788
0.340493,-0.0591697,0,-0.900231
0.343185,-0.0591947,0,-0.906568
0.345895,-0.0592141,0,-0.912876
0.348624,-0.0592276,0,-0.919243
0.351372,-0.0592352,0,-0.925738
0.354139,-0.0592367,0,-0.93236
0.356925,-0.0592318,0,-0.939053
0.359731,-0.0592203,0,-0.945729
0.362556,-0.0592022,0,-0.952317
0.365401,-0.0591773,0,-0.958774
0.368266,-0.0591453,0,-0.965102
0.37115,-0.0591061,0,-0.971333
0.374055,-0.0590595,0,-0.977516
0.37698,-0.0590053,0,-0.983665
0.379925,-0.0589433,0,-0.989686
0.38289,-0.0588734,0,-0.995337
0.385876,-0.0587953,0,-1.00018
0.388883,-0.0587091,0,-1.00357
0.39191,-0.0586144,0,-1.00446
0.394959,-0.0585112,0,-1.00068
0.398029,-0.0583993,0,-0.987617
0.401119,-0.0582787,0,-0.957147
0.404232,-0.058149,0,-0.90148
0.407365,-0.0580102,0,-0.823055
0.410521,-0.0578622,0,-0.743449
0.413698,-0.0577048,0,-0.687235
0.416897,-0.057538,0,-0.658012
0.420118,-0.0573615,0,-0.645498
0.423362,-0.0571754,0,-0.63811
0.426627,-0.0569795,0,-0.629758
0.429915,-0.0567736,0,-0.619646
0.433226,-0.0565577,0,-0.609047
0.43656,-0.0563317,0,-0.598921
0.439917,-0.0560956,0,-0.589296
0.443296,-0.0558493,0,-0.579763
0.446699,-0.0555927,0,-0.57003
0.450125,-0.0553258,0,-0.560021
0.453575,-0.0550485,0,-0.54979
0.457049,-0.0547607,0,-0.539385
0.460546,-0.0544625,0,-0.528831
0.464068,-0.0541539,0,-0.518126
0.467613,-0.0538348,0,-0.507273
0.471183,-0.0535051,0,-0.496289
0.474778,-0.053165,0,-0.485187
0.478397,-0.0528144,0,-0.473992
0.482041,-0.0524533,0,-0.462727
0.485711,-0.0520818,0,-0.451407
0.489405,-0.0516999,0,-0.440039
0.493125,-0.0513076,0,-0.428632
0.49687,-0.050905,0,-0.4172
0.500642,-0.0504922,0,-0.405755
0.504439,-0.0500692,0,-0.394306
0.508263,-0.0496361,0,-0.382866
0.512113,-0.0491931,0,-0.371448
0.515989,-0.0487401,0,-0.360063
0.519893,-0.0482774,0,-0.348722
0.523823,-0.0478051,0,-0.337438
0.527781,-0.0473233,0,-0.326222
0.531766,-0.0468321,0,-0.315081
0.535779,-0.0463315,0,-0.304011
0.539819,-0.0458217,0,-0.29301
0.543888,-0.0453028,0,-0.282077
0.547985,-0.0447748,0,-0.271216
0.552111,-0.0442378,0,-0.260425
0.556265,-0.043692,0,-0.24971
0.560449,-0.0431375,0,-0.239068
0.564662,-0.0425744,0,-0.228505
0.568904,-0.0420027,0,-0.218017
0.573176,-0.0414228,0,-0.207614
0.577478,-0.0408347,0,-0.197291
0.58181,-0.0402385,0,-0.187053
0.586172,-0.0396343,0,-0.176891
0.590566,-0.0390222,0,-0.166801
0.59499,-0.0384024,0,-0.156785
0.599445,-0.037775,0,-0.146846
0.603932,-0.0371402,0,-0.136977
0.608451,-0.036498,0,-0.127181
0.613001,-0.0358486,0,-0.117453
0.617584,-0.0351922,0,-0.107795
0.6222,-0.0345289,0,-0.0982012
0.626848,-0.0338588,0,-0.0886759
0.631529,-0.0331823,0,-0.0792131
0.636244,-0.0324993,0,-0.0698161
0.640992,-0.0318102,0,-0.0604782
0.645774,-0.0311151,0,-0.0512041
0.65059,-0.0304142,0,-0.0419868
0.655441,-0.0297078,0,-0.0328341
0.660326,-0.0289961,0,-0.0237434
0.665247,-0.0282795,0,-0.0147242
0.670203,-0.0275582,0,-0.00577191
0.675195,-0.0268326,0,0.00310423
0.680222,-0.0261029,0,0.0119097
0.685287,-0.0253695,0,0.0206378
0.690387,-0.0246327,0,0.0292926
0.695525,-0.0238929,0,0.0378692
0.7007,-0.0231504,0,0.0463683
0.705912,-0.0224058,0,0.054788
0.711163,-0.0216593,0,0.0631227
0.716452,-0.0209115,0,0.071377
0.721779,-0.0201628,0,0.0795405
0.727146,-0.0194137,0,0.0876174
0.732552,-0.0186649,0,0.095593
0.737998,-0.0179169,0,0.10347
0.743484,-0.0171703,0,0.111235
0.74901,-0.0164258,0,0.118891
0.754577,-0.0156839,0,0.126423
0.760186,-0.0149454,0,0.133837
0.765836,-0.0142108,0,0.141117
0.771528,-0.0134807,0,0.148281
0.777262,-0.0127556,0,0.155327
0.783039,-0.0120361,0,0.162269
0.788859,-0.0113227,0,0.169101
0.794722,-0.010616,0,0.175839
0.800629,-0.00991657,0,0.182476
0.80658,-0.00922524,0,0.189029
0.812576,-0.00854286,0,0.19548
0.818616,-0.00787036,0,0.201835
0.824702,-0.00720872,0,0.208075
0.830834,-0.00655905,0,0.214211
0.837011,-0.00592249,0,0.220216
0.843235,-0.0053003,0,0.226102
0.849506,-0.00469389,0,0.231841
0.855825,-0.00410477,0,0.237434
0.862191,-0.00353448,0,0.242851
0.868605,-0.00298459,0,0.248099
0.875067,-0.00245677,0,0.253153
0.881579,-0.00195314,0,0.258017
0.88814,-0.00147611,0,0.262632
0.89475,-0.00102812,0,0.266978
0.90141,-0.000611578,0,0.271011
0.908121,-0.00022906,0,0.27472
0.914882,0.000116392,0,0.278053
0.921694,0.000421562,0,0.280963
0.928558,0.000683409,0,0.283362
0.935472,0.000898717,0,0.285262
0.942438,0.00106336,0,0.28649
0.949455,0.00117245,0,0.287041
0.956524,0.00122013,0,0.286519
0.963644,0.00120117,0,0.284879
0.970815,0.00111125,0,0.281634
0.978036,0.000947191,0,0.27671
0.985308,0.000707975,0,0.267741
0.992629,0.000392861,0,0.265882
