Points_0,Points_1,Points_2,Pressure_Coefficient
1,0,0,-0.395208
0.992739,0.00151925,0,-0.343164
0.985523,0.00298981,0,-0.365769
0.978353,0.00442412,0,-0.369978
0.971231,0.0058254,0,-0.382121
0.964156,0.00719657,0,-0.394013
0.957129,0.00853886,0,-0.404556
0.950149,0.00985441,0,-0.413706
0.943216,0.0111454,0,-0.421229
0.936331,0.0124123,0,-0.427355
0.929492,0.0136555,0,-0.432097
0.9227,0.0148758,0,-0.435777
0.915955,0.0160741,0,-0.438467
0.909257,0.0172512,0,-0.44045
0.902604,0.0184074,0,-0.441833
0.895997,0.0195429,0,-0.442787
0.889435,0.0206585,0,-0.44341
0.882919,0.0217549,0,-0.443821
0.876448,0.0228325,0,-0.444107
0.870022,0.0238914,0,-0.444317
0.86364,0.0249318,0,-0.444527
0.857303,0.0259541,0,-0.444728
0.851009,0.0269588,0,-0.445027
0.844759,0.0279463,0,-0.445325
0.838553,0.0289166,0,-0.445783
0.832389,0.0298701,0,-0.446192
0.826269,0.0308068,0,-0.446777
0.82019,0.0317268,0,-0.447285
0.814155,0.0326299,0,-0.447923
0.80816,0.0335165,0,-0.448521
0.802208,0.0343865,0,-0.449199
0.796297,0.0352404,0,-0.449869
0.790427,0.0360781,0,-0.450597
0.784597,0.0368999,0,-0.451327
0.778808,0.0377056,0,-0.4521
0.77306,0.0384955,0,-0.452871
0.767351,0.0392698,0,-0.453673
0.761682,0.0400286,0,-0.454466
0.756052,0.0407722,0,-0.455279
0.750462,0.0415009,0,-0.456085
0.74491,0.0422147,0,-0.456909
0.739397,0.0429137,0,-0.457744
0.733922,0.0435979,0,-0.458613
0.728485,0.0442674,0,-0.459524
0.723086,0.0449225,0,-0.460485
0.717725,0.0455634,0,-0.461524
0.712401,0.0461902,0,-0.462598
0.707114,0.0468031,0,-0.463799
0.701864,0.0474024,0,-0.464982
0.696651,0.0479881,0,-0.466339
0.691474,0.0485606,0,-0.467593
0.686333,0.0491198,0,-0.469042
0.681227,0.0496661,0,-0.470339
0.676158,0.0501994,0,-0.471791
0.671124,0.0507198,0,-0.47314
0.666124,0.0512276,0,-0.474578
0.66116,0.0517227,0,-0.475975
0.656231,0.0522054,0,-0.477431
0.651335,0.0526758,0,-0.478878
0.646474,0.053134,0,-0.480378
0.641647,0.0535801,0,-0.48187
0.636854,0.0540142,0,-0.483404
0.632094,0.0544364,0,-0.484915
0.627367,0.0548466,0,-0.486454
0.622674,0.055245,0,-0.487987
0.618013,0.0556315,0,-0.48957
0.613385,0.0560062,0,-0.491226
0.608789,0.0563692,0,-0.492995
0.604225,0.0567205,0,-0.494898
0.599693,0.0570602,0,-0.496951
0.595193,0.0573884,0,-0.499145
0.590724,0.057705,0,-0.501469
0.586286,0.0580102,0,-0.503893
0.58188,0.058304,0,-0.506384
0.577504,0.0585865,0,-0.508877
0.573159,0.0588577,0,-0.511356
0.568844,0.0591177,0,-0.513693
0.564559,0.0593668,0,-0.515968
0.560305,0.0596051,0,-0.518015
0.55608,0.0598328,0,-0.520015
0.551885,0.0600501,0,-0.521869
0.547719,0.0602572,0,-0.523711
0.543582,0.0604544,0,-0.525523
0.539475,0.0606418,0,-0.527389
0.535396,0.0608197,0,-0.529305
0.531346,0.0609883,0,-0.531326
0.527324,0.0611479,0,-0.533434
0.523331,0.0612986,0,-0.53567
0.519366,0.0614408,0,-0.538007
0.515429,0.0615746,0,-0.540478
0.511519,0.0617002,0,-0.543062
0.507637,0.0618179,0,-0.545785
0.503782,0.0619278,0,-0.548633
0.499954,0.0620302,0,-0.551619
0.496154,0.0621252,0,-0.554738
0.49238,0.0622132,0,-0.557971
0.488632,0.0622942,0,-0.561318
0.484912,0.0623685,0,-0.564718
0.481217,0.0624362,0,-0.5682
0.477548,0.0624977,0,-0.571625
0.473905,0.062553,0,-0.575119
0.470288,0.0626024,0,-0.578424
0.466697,0.0626459,0,-0.581842
0.46313,0.0626839,0,-0.585012
0.459589,0.0627164,0,-0.588353
0.456073,0.0627435,0,-0.591507
0.452581,0.0627656,0,-0.594774
0.449115,0.0627826,0,-0.597921
0.445672,0.0627948,0,-0.60113
0.442254,0.0628023,0,-0.604297
0.43886,0.0628052,0,-0.607536
0.43549,0.0628037,0,-0.610812
0.432143,0.0627979,0,-0.614212
0.42882,0.0627879,0,-0.617734
0.425521,0.0627738,0,-0.621434
0.422244,0.0627558,0,-0.625324
0.418991,0.0627339,0,-0.629403
0.415761,0.0627083,0,-0.633669
0.412553,0.0626791,0,-0.638079
0.409368,0.0626462,0,-0.642606
0.406205,0.0626099,0,-0.647182
0.403064,0.0625701,0,-0.651773
0.399946,0.0625271,0,-0.656269
0.396849,0.0624807,0,-0.66066
0.393774,0.0624312,0,-0.664793
0.390721,0.0623785,0,-0.668757
0.387689,0.0623228,0,-0.672362
0.384678,0.062264,0,-0.675892
0.381689,0.0622023,0,-0.679101
0.37872,0.0621377,0,-0.682426
0.375772,0.0620703,0,-0.68558
0.372845,0.062,0,-0.68889
0.369938,0.0619271,0,-0.692167
0.367052,0.0618515,0,-0.695601
0.364185,0.0617733,0,-0.699096
0.361339,0.0616925,0,-0.702769
0.358513,0.0616092,0,-0.706579
0.355706,0.0615235,0,-0.710553
0.352919,0.0614354,0,-0.714659
0.350151,0.0613449,0,-0.71886
0.347403,0.0612522,0,-0.723125
0.344674,0.0611572,0,-0.727389
0.341963,0.06106,0,-0.731629
0.339272,0.0609606,0,-0.73578
0.336599,0.0608592,0,-0.73983
0.333945,0.0607556,0,-0.743724
0.33131,0.0606501,0,-0.747475
0.328692,0.0605425,0,-0.751042
0.326093,0.060433,0,-0.754471
0.323512,0.0603216,0,-0.757746
0.320949,0.0602084,0,-0.760944
0.318403,0.0600934,0,-0.764078
0.315875,0.0599766,0,-0.767221
0.313365,0.059858,0,-0.770412
0.310871,0.0597378,0,-0.773644
0.308396,0.059616,0,-0.77695
0.305937,0.0594925,0,-0.780207
0.303495,0.0593675,0,-0.783422
0.30107,0.0592409,0,-0.786554
0.298661,0.0591129,0,-0.789583
0.29627,0.0589834,0,-0.792548
0.293894,0.0588525,0,-0.795423
0.291535,0.0587202,0,-0.79827
0.289192,0.0585866,0,-0.801057
0.286866,0.0584517,0,-0.803841
0.284555,0.0583155,0,-0.80659
0.28226,0.0581781,0,-0.809354
0.27998,0.0580395,0,-0.812106
0.277717,0.0578996,0,-0.814885
0.275468,0.0577586,0,-0.817663
0.273235,0.0576164,0,-0.820466
0.271018,0.0574731,0,-0.823272
0.268815,0.0573286,0,-0.826108
0.266627,0.057183,0,-0.828968
0.264455,0.0570364,0,-0.831884
0.262297,0.0568887,0,-0.834847
0.260153,0.0567399,0,-0.837865
0.258024,0.0565901,0,-0.840919
0.25591,0.0564393,0,-0.844011
0.25381,0.0562875,0,-0.847142
0.251724,0.0561347,0,-0.850334
0.249652,0.055981,0,-0.853586
0.247594,0.0558264,0,-0.856892
0.24555,0.0556708,0,-0.860241
0.24352,0.0555143,0,-0.863628
0.241503,0.055357,0,-0.867076
0.2395,0.0551988,0,-0.870597
0.237511,0.0550398,0,-0.874191
0.235534,0.05488,0,-0.87785
0.233571,0.0547193,0,-0.881598
0.231621,0.0545579,0,-0.885483
0.229684,0.0543957,0,-0.889546
0.22776,0.0542328,0,-0.893811
0.225849,0.0540692,0,-0.898309
0.22395,0.0539048,0,-0.903079
0.222064,0.0537398,0,-0.908154
0.220191,0.0535741,0,-0.913577
0.21833,0.0534077,0,-0.919451
0.216481,0.0532407,0,-0.92594
0.214645,0.053073,0,-0.933213
0.21282,0.0529047,0,-0.941443
0.211008,0.0527358,0,-0.950832
0.209207,0.0525663,0,-0.96162
0.207419,0.0523962,0,-0.974147
0.205642,0.0522255,0,-0.988938
0.203877,0.0520542,0,-1.00682
0.202123,0.0518823,0,-1.02915
0.200381,0.0517099,0,-1.05815
0.19865,0.051537,0,-1.09768
0.19693,0.0513635,0,-1.15414
0.195221,0.0511895,0,-1.23676
0.193524,0.0510149,0,-1.35437
0.191837,0.0508399,0,-1.48194
0.190162,0.0506644,0,-1.57347
0.188497,0.0504884,0,-1.6196
0.186843,0.0503119,0,-1.63706
0.1852,0.0501349,0,-1.64181
0.183567,0.0499575,0,-1.64257
0.181944,0.0497797,0,-1.64253
0.180332,0.0496014,0,-1.64249
0.178731,0.0494227,0,-1.64252
0.177139,0.0492435,0,-1.64254
0.175558,0.0490639,0,-1.64252
0.173986,0.0488839,0,-1.64247
0.172425,0.0487034,0,-1.64242
0.170873,0.0485225,0,-1.64239
0.169331,0.0483412,0,-1.64241
0.167799,0.0481595,0,-1.64247
0.166277,0.0479774,0,-1.64256
0.164764,0.0477949,0,-1.64268
0.16326,0.0476119,0,-1.64281
0.161766,0.0474286,0,-1.64294
0.160281,0.0472448,0,-1.64307
0.158806,0.0470607,0,-1.64322
0.157339,0.0468762,0,-1.64341
0.155882,0.0466913,0,-1.64365
0.154434,0.0465061,0,-1.64393
0.152994,0.0463205,0,-1.64422
0.151563,0.0461345,0,-1.6445
0.150142,0.0459482,0,-1.64476
0.148728,0.0457615,0,-1.64501
0.147324,0.0455745,0,-1.64527
0.145928,0.0453871,0,-1.64554
0.14454,0.0451995,0,-1.64583
0.143161,0.0450115,0,-1.64613
0.14179,0.0448231,0,-1.64643
0.140427,0.0446345,0,-1.64669
0.139073,0.0444455,0,-1.64688
0.137726,0.0442562,0,-1.64701
0.136388,0.0440666,0,-1.64708
0.135058,0.0438767,0,-1.64714
0.133735,0.0436864,0,-1.64721
0.13242,0.0434959,0,-1.64731
0.131113,0.043305,0,-1.64745
0.129814,0.0431138,0,-1.6476
0.128522,0.0429224,0,-1.64777
0.127238,0.0427306,0,-1.64793
0.125961,0.0425385,0,-1.6481
0.124692,0.0423461,0,-1.64831
0.12343,0.0421534,0,-1.64856
0.122175,0.0419604,0,-1.64886
0.120927,0.041767,0,-1.64917
0.119687,0.0415734,0,-1.64949
0.118454,0.0413794,0,-1.64981
0.117227,0.0411851,0,-1.65014
0.116008,0.0409905,0,-1.65048
0.114795,0.0407956,0,-1.65085
0.11359,0.0406004,0,-1.65124
0.112391,0.0404048,0,-1.65163
0.111198,0.0402089,0,-1.65202
0.110013,0.0400127,0,-1.65241
0.108833,0.0398161,0,-1.65282
0.107661,0.0396192,0,-1.65329
0.106494,0.0394219,0,-1.6538
0.105335,0.0392243,0,-1.65435
0.104181,0.0390263,0,-1.6549
0.103034,0.0388279,0,-1.65548
0.101893,0.0386292,0,-1.65608
0.100758,0.0384301,0,-1.6567
0.0996288,0.0382306,0,-1.65735
0.098506,0.0380307,0,-1.65802
0.097389,0.0378304,0,-1.65869
0.096278,0.0376296,0,-1.65936
0.0951729,0.0374285,0,-1.66001
0.0940735,0.037227,0,-1.66062
0.0929798,0.037025,0,-1.66119
0.0918918,0.0368225,0,-1.66171
0.0908094,0.0366197,0,-1.66219
0.0897326,0.0364163,0,-1.66264
0.0886613,0.0362125,0,-1.66306
0.0875954,0.0360082,0,-1.66347
0.0865349,0.0358035,0,-1.66389
0.0854798,0.0355982,0,-1.66433
0.08443,0.0353925,0,-1.66482
0.0833853,0.0351862,0,-1.66537
0.0823459,0.0349794,0,-1.66598
0.0813116,0.0347721,0,-1.6666
0.0802823,0.0345643,0,-1.66723
0.0792581,0.0343558,0,-1.66787
0.0782389,0.0341468,0,-1.66853
0.0772245,0.0339372,0,-1.66925
0.0762151,0.033727,0,-1.67003
0.0752104,0.0335162,0,-1.67086
0.0742106,0.0333047,0,-1.67174
0.0732154,0.0330926,0,-1.67265
0.0722249,0.0328798,0,-1.67358
0.0712391,0.0326664,0,-1.67448
0.0702578,0.0324523,0,-1.67529
0.069281,0.0322375,0,-1.676
0.0683087,0.0320219,0,-1.67661
0.0673408,0.0318056,0,-1.67714
0.0663773,0.0315885,0,-1.67759
0.0654182,0.0313706,0,-1.67796
0.0644634,0.0311519,0,-1.67829
0.0635128,0.0309324,0,-1.67865
0.0625664,0.030712,0,-1.67915
0.0616241,0.0304908,0,-1.67985
0.060686,0.0302686,0,-1.68074
0.0597519,0.0300455,0,-1.68175
0.0588219,0.0298215,0,-1.68279
0.0578958,0.0295966,0,-1.68377
0.0569737,0.0293706,0,-1.68468
0.0560555,0.0291437,0,-1.68557
0.0551412,0.0289157,0,-1.68647
0.0542306,0.0286866,0,-1.68742
0.0533239,0.0284564,0,-1.68844
0.0524209,0.028225,0,-1.68957
0.0515216,0.0279925,0,-1.69084
0.0506259,0.0277588,0,-1.6922
0.0497339,0.0275238,0,-1.69356
0.0488455,0.0272876,0,-1.69481
0.0479607,0.02705,0,-1.69587
0.0470793,0.0268112,0,-1.69671
0.0462015,0.026571,0,-1.69739
0.0453271,0.0263293,0,-1.69798
0.0444561,0.0260862,0,-1.69852
0.0435885,0.0258415,0,-1.69899
0.0427244,0.0255953,0,-1.69931
0.0418635,0.0253474,0,-1.69945
0.041006,0.0250977,0,-1.69944
0.0401517,0.0248464,0,-1.69935
0.0393008,0.0245932,0,-1.69927
0.038453,0.0243382,0,-1.69932
0.0376085,0.0240813,0,-1.69952
0.0367672,0.0238224,0,-1.69984
0.0359291,0.0235614,0,-1.70022
0.0350942,0.0232983,0,-1.70062
0.0342624,0.0230328,0,-1.701
0.0334338,0.022765,0,-1.70134
0.0326084,0.0224947,0,-1.7016
0.0317862,0.0222218,0,-1.70169
0.0309671,0.0219462,0,-1.70152
0.0301512,0.0216678,0,-1.70102
0.0293385,0.0213866,0,-1.70015
0.0285289,0.0211023,0,-1.69884
0.0277226,0.020815,0,-1.69712
0.0269195,0.0205244,0,-1.69509
0.0261196,0.0202303,0,-1.69297
0.0253231,0.0199326,0,-1.69096
0.0245299,0.0196311,0,-1.68922
0.0237401,0.0193256,0,-1.68782
0.0229537,0.019016,0,-1.68672
0.0221708,0.0187022,0,-1.68583
0.0213914,0.018384,0,-1.68497
0.0206156,0.0180611,0,-1.68386
0.0198436,0.0177333,0,-1.68223
0.0190754,0.0174003,0,-1.67991
0.0183112,0.0170616,0,-1.67662
0.0175512,0.0167171,0,-1.67205
0.0167955,0.0163663,0,-1.66596
0.0160444,0.016009,0,-1.65842
0.0152979,0.0156449,0,-1.6498
0.0145563,0.0152737,0,-1.64044
0.0138199,0.0148949,0,-1.63047
0.0130889,0.014508,0,-1.62003
0.0123639,0.0141124,0,-1.60918
0.0116452,0.0137075,0,-1.59781
0.0109333,0.0132928,0,-1.58571
0.0102286,0.0128678,0,-1.57262
0.00953152,0.012432,0,-1.55809
0.00884279,0.0119848,0,-1.54111
0.00816329,0.0115252,0,-1.52081
0.00749407,0.0110521,0,-1.49706
0.00683627,0.0105645,0,-1.47004
0.0061911,0.0100614,0,-1.44007
0.00555984,0.00954194,0,-1.40712
0.00494392,0.00900533,0,-1.36955
0.00434557,0.00845005,0,-1.32485
0.00376755,0.00787438,0,-1.27183
0.00321289,0.00727683,0,-1.21062
0.00268485,0.00665621,0,-1.14173
0.00218691,0.0060117,0,-1.06385
0.00172362,0.0053423,0,-0.972351
0.00130111,0.00464682,0,-0.862255
0.000926289,0.00392486,0,-0.730416
0.00060661,0.00317712,0,-0.576655
0.000349103,0.00240598,0,-0.406864
0.000158708,0.00161573,0,-0.228178
4.04813e-05,0.000811657,0,-0.0424237
2.45681e-10,7.00775e-11,0,0.150281
4.10564e-05,-0.000811628,0,0.339726
0.000159807,-0.00161563,0,0.511443
0.000350623,-0.00240577,0,0.65975
0.000608399,-0.00317683,0,0.784534
0.000928138,-0.00392454,0,0.886171
0.00130273,-0.00464662,0,0.965521
0.00172466,-0.00534244,0,1.02532
0.00218695,-0.00601253,0,1.06867
0.00268343,-0.00665815,0,1.09896
0.00320953,-0.0072804,0,1.11911
0.00376183,-0.00788011,0,1.13139
0.0043371,-0.0084585,0,1.13748
0.00493233,-0.00901709,0,1.13886
0.00554479,-0.00955759,0,1.13664
0.00617227,-0.0100815,0,1.13161
0.00681336,-0.0105897,0,1.12449
0.00746685,-0.0110831,0,1.11567
0.00813155,-0.0115624,0,1.10578
0.00880638,-0.0120288,0,1.09493
0.00949031,-0.0124831,0,1.08361
0.0101824,-0.0129265,0,1.07174
0.0108821,-0.0133596,0,1.05967
0.011589,-0.0137827,0,1.04732
0.0123025,-0.0141965,0,1.03502
0.0130223,-0.0146013,0,1.02266
0.013748,-0.0149978,0,1.01046
0.0144791,-0.0153864,0,0.998318
0.0152154,-0.0157678,0,0.98636
0.0159565,-0.0161424,0,0.974457
0.0167023,-0.0165103,0,0.962731
0.0174526,-0.016872,0,0.95115
0.0182073,-0.0172276,0,0.939816
0.0189663,-0.0175773,0,0.928659
0.0197293,-0.0179216,0,0.917763
0.0204962,-0.0182605,0,0.907049
0.021267,-0.0185945,0,0.896578
0.0220416,-0.0189238,0,0.886256
0.0228197,-0.0192485,0,0.876127
0.0236015,-0.0195689,0,0.866148
0.0243868,-0.019885,0,0.856398
0.0251756,-0.020197,0,0.846817
0.0259678,-0.0205051,0,0.837459
0.0267635,-0.0208095,0,0.828268
0.0275625,-0.0211101,0,0.819286
0.0283649,-0.0214073,0,0.810453
0.0291706,-0.0217012,0,0.8018
0.0299795,-0.0219919,0,0.793257
0.0307918,-0.0222796,0,0.784859
0.0316073,-0.0225642,0,0.776581
0.032426,-0.022846,0,0.768468
0.0332481,-0.0231249,0,0.76048
0.0340734,-0.0234011,0,0.752654
0.034902,-0.0236746,0,0.74495
0.0357339,-0.0239456,0,0.737398
0.036569,-0.0242141,0,0.729958
0.0374075,-0.0244802,0,0.722654
0.0382492,-0.024744,0,0.715442
0.0390943,-0.0250056,0,0.708339
0.0399427,-0.0252651,0,0.701314
0.0407945,-0.0255224,0,0.694409
0.0416496,-0.0257777,0,0.687594
0.0425082,-0.0260309,0,0.680899
0.0433702,-0.0262822,0,0.674291
0.0442356,-0.0265317,0,0.667799
0.0451045,-0.0267792,0,0.661391
0.0459769,-0.027025,0,0.65509
0.0468528,-0.027269,0,0.648864
0.0477323,-0.0275114,0,0.642734
0.0486154,-0.0277521,0,0.636663
0.0495021,-0.0279913,0,0.630673
0.0503924,-0.0282289,0,0.624743
0.0512864,-0.028465,0,0.618901
0.0521841,-0.0286996,0,0.613122
0.0530856,-0.0289328,0,0.607429
0.0539908,-0.0291646,0,0.601798
0.0548999,-0.029395,0,0.596249
0.0558128,-0.0296241,0,0.590758
0.0567297,-0.0298519,0,0.585344
0.0576504,-0.0300784,0,0.579981
0.0585751,-0.0303038,0,0.574685
0.0595038,-0.0305279,0,0.569428
0.0604366,-0.030751,0,0.564227
0.0613734,-0.0309729,0,0.559063
0.0623144,-0.0311937,0,0.55396
0.0632595,-0.0314134,0,0.548899
0.0642089,-0.0316321,0,0.5439
0.0651625,-0.0318497,0,0.538943
0.0661204,-0.0320664,0,0.534044
0.0670826,-0.0322821,0,0.529188
0.0680492,-0.0324968,0,0.524382
0.0690203,-0.0327106,0,0.519621
0.0699958,-0.0329235,0,0.514898
0.0709758,-0.0331355,0,0.510218
0.0719604,-0.0333467,0,0.505564
0.0729496,-0.033557,0,0.500946
0.0739435,-0.0337666,0,0.496356
0.0749421,-0.0339753,0,0.491808
0.0759454,-0.0341833,0,0.48729
0.0769535,-0.0343904,0,0.482813
0.0779665,-0.0345969,0,0.478366
0.0789844,-0.0348026,0,0.47396
0.0800072,-0.0350075,0,0.469583
0.0810351,-0.0352118,0,0.465243
0.0820679,-0.0354154,0,0.460929
0.0831059,-0.0356183,0,0.456649
0.084149,-0.0358206,0,0.45239
0.0851974,-0.0360223,0,0.448158
0.086251,-0.0362233,0,0.443942
0.0873099,-0.0364237,0,0.439755
0.0883741,-0.0366236,0,0.435587
0.0894438,-0.0368228,0,0.431449
0.0905189,-0.0370215,0,0.42733
0.0915995,-0.0372196,0,0.42324
0.0926858,-0.0374172,0,0.419167
0.0937776,-0.0376143,0,0.415122
0.0948752,-0.0378108,0,0.411091
0.0959785,-0.0380068,0,0.407085
0.0970875,-0.0382023,0,0.40309
0.0982025,-0.0383973,0,0.399114
0.0993233,-0.0385918,0,0.395142
0.10045,-0.0387859,0,0.391185
0.101583,-0.0389796,0,0.387233
0.102722,-0.0391727,0,0.383301
0.103867,-0.0393654,0,0.379378
0.105018,-0.0395577,0,0.375474
0.106176,-0.0397495,0,0.371581
0.107339,-0.0399409,0,0.367706
0.10851,-0.0401318,0,0.363843
0.109686,-0.0403223,0,0.359995
0.110869,-0.0405124,0,0.35616
0.112059,-0.0407021,0,0.352335
0.113256,-0.0408913,0,0.348524
0.114459,-0.0410801,0,0.344716
0.115668,-0.0412685,0,0.340919
0.116885,-0.0414565,0,0.337128
0.118108,-0.0416441,0,0.333351
0.119339,-0.0418313,0,0.329581
0.120576,-0.0420181,0,0.325826
0.121821,-0.0422045,0,0.322079
0.123072,-0.0423904,0,0.318348
0.124331,-0.042576,0,0.314625
0.125597,-0.0427611,0,0.310917
0.12687,-0.0429458,0,0.307217
0.128151,-0.0431301,0,0.303532
0.12944,-0.043314,0,0.299854
0.130735,-0.0434975,0,0.296191
0.132039,-0.0436806,0,0.292533
0.13335,-0.0438632,0,0.288889
0.134669,-0.0440455,0,0.285251
0.135995,-0.0442274,0,0.281627
0.13733,-0.0444088,0,0.278006
0.138672,-0.0445898,0,0.274398
0.140023,-0.0447705,0,0.270793
0.141381,-0.0449507,0,0.267199
0.142748,-0.0451306,0,0.263605
0.144123,-0.04531,0,0.26002
0.145506,-0.045489,0,0.256433
0.146898,-0.0456677,0,0.25285
0.148298,-0.0458459,0,0.249261
0.149706,-0.0460238,0,0.245675
0.151123,-0.0462013,0,0.242087
0.152549,-0.0463783,0,0.238501
0.153984,-0.0465549,0,0.234916
0.155427,-0.0467311,0,0.231331
0.156879,-0.0469069,0,0.227749
0.158341,-0.0470823,0,0.224164
0.159811,-0.0472572,0,0.220581
0.16129,-0.0474318,0,0.216995
0.162779,-0.0476058,0,0.213409
0.164277,-0.0477794,0,0.209818
0.165784,-0.0479526,0,0.206227
0.167301,-0.0481254,0,0.202629
0.168827,-0.0482976,0,0.199032
0.170363,-0.0484694,0,0.195429
0.171908,-0.0486407,0,0.191827
0.173464,-0.0488116,0,0.188219
0.175029,-0.0489819,0,0.184612
0.176604,-0.0491517,0,0.180999
0.178189,-0.049321,0,0.177386
0.179784,-0.0494898,0,0.173764
0.181389,-0.0496581,0,0.170141
0.183005,-0.0498259,0,0.166508
0.184631,-0.049993,0,0.162871
0.186267,-0.0501597,0,0.159222
0.187914,-0.0503257,0,0.15557
0.189571,-0.0504912,0,0.15191
0.191239,-0.0506561,0,0.148246
0.192918,-0.0508204,0,0.144575
0.194608,-0.050984,0,0.1409
0.196309,-0.051147,0,0.137219
0.198021,-0.0513094,0,0.133532
0.199744,-0.0514711,0,0.129841
0.201478,-0.0516321,0,0.126142
0.203224,-0.0517924,0,0.122441
0.20498,-0.051952,0,0.11873
0.206749,-0.0521109,0,0.115014
0.208529,-0.052269,0,0.111286
0.210321,-0.0524264,0,0.10755
0.212124,-0.052583,0,0.103799
0.21394,-0.0527389,0,0.100038
0.215767,-0.052894,0,0.0962588
0.217607,-0.0530483,0,0.0924647
0.219458,-0.0532018,0,0.0886473
0.221322,-0.0533545,0,0.0848089
0.223198,-0.0535064,0,0.0809394
0.225087,-0.0536574,0,0.0770415
0.226988,-0.0538075,0,0.0731113
0.228902,-0.0539568,0,0.069158
0.230829,-0.0541051,0,0.0651759
0.232769,-0.0542525,0,0.0611716
0.234721,-0.0543989,0,0.0571388
0.236687,-0.0545442,0,0.0530839
0.238666,-0.0546885,0,0.0490001
0.240658,-0.0548318,0,0.0448926
0.242664,-0.0549739,0,0.0407556
0.244683,-0.0551149,0,0.0365923
0.246715,-0.0552548,0,0.0323985
0.248762,-0.0553934,0,0.0281752
0.250822,-0.0555308,0,0.0239211
0.252896,-0.0556669,0,0.0196318
0.254984,-0.0558017,0,0.015309
0.257086,-0.0559352,0,0.0109442
0.259203,-0.0560672,0,0.00653971
0.261334,-0.0561979,0,0.00208633
0.263479,-0.0563271,0,-0.00241676
0.265639,-0.0564547,0,-0.00698137
0.267814,-0.0565809,0,-0.0116059
0.270003,-0.0567054,0,-0.0162907
0.272208,-0.0568282,0,-0.0210243
0.274427,-0.0569492,0,-0.0258101
0.276662,-0.0570683,0,-0.0306411
0.278912,-0.0571855,0,-0.0355223
0.281177,-0.0573008,0,-0.0404472
0.283458,-0.0574139,0,-0.0454225
0.285755,-0.0575248,0,-0.0504427
0.288067,-0.0576334,0,-0.0555161
0.290395,-0.0577397,0,-0.0606352
0.292739,-0.0578435,0,-0.0658011
0.2951,-0.0579447,0,-0.0710021
0.297477,-0.0580432,0,-0.0762416
0.29987,-0.0581388,0,-0.0815097
0.302279,-0.0582315,0,-0.08681
0.304706,-0.0583212,0,-0.0921335
0.307149,-0.0584076,0,-0.0974825
0.309609,-0.0584906,0,-0.102852
0.312086,-0.0585702,0,-0.108239
0.31458,-0.0586462,0,-0.11364
0.317091,-0.0587183,0,-0.119043
0.31962,-0.0587865,0,-0.124445
0.322166,-0.0588506,0,-0.129832
0.32473,-0.0589105,0,-0.135201
0.327312,-0.0589658,0,-0.140537
0.329912,-0.0590166,0,-0.145833
0.33253,-0.0590625,0,-0.151069
0.335166,-0.0591034,0,-0.156237
0.337821,-0.0591392,0,-0.16133
0.340493,-0.0591697,0,-0.166354
0.343185,-0.0591947,0,-0.171302
0.345895,-0.0592141,0,-0.176174
0.348624,-0.0592276,0,-0.180956
0.351372,-0.0592352,0,-0.185648
0.354139,-0.0592367,0,-0.190233
0.356925,-0.0592318,0,-0.194707
0.359731,-0.0592203,0,-0.199055
0.362556,-0.0592022,0,-0.203278
0.365401,-0.0591773,0,-0.207366
0.368266,-0.0591453,0,-0.211318
0.37115,-0.0591061,0,-0.215115
0.374055,-0.0590595,0,-0.218751
0.37698,-0.0590053,0,-0.222207
0.379925,-0.0589433,0,-0.225465
0.38289,-0.0588734,0,-0.228513
0.385876,-0.0587953,0,-0.231349
0.388883,-0.0587091,0,-0.233983
0.39191,-0.0586144,0,-0.23641
0.394959,-0.0585112,0,-0.238629
0.398029,-0.0583993,0,-0.240633
0.401119,-0.0582787,0,-0.242417
0.404232,-0.058149,0,-0.243964
0.407365,-0.0580102,0,-0.245272
0.410521,-0.0578622,0,-0.246341
0.413698,-0.0577048,0,-0.247178
0.416897,-0.057538,0,-0.247778
0.420118,-0.0573615,0,-0.248143
0.423362,-0.0571754,0,-0.248262
0.426627,-0.0569795,0,-0.248133
0.429915,-0.0567736,0,-0.247742
0.433226,-0.0565577,0,-0.247096
0.43656,-0.0563317,0,-0.246201
0.439917,-0.0560956,0,-0.245071
0.443296,-0.0558493,0,-0.243703
0.446699,-0.0555927,0,-0.242106
0.450125,-0.0553258,0,-0.240275
0.453575,-0.0550485,0,-0.238216
0.457049,-0.0547607,0,-0.235927
0.460546,-0.0544625,0,-0.233421
0.464068,-0.0541539,0,-0.230706
0.467613,-0.0538348,0,-0.227787
0.471183,-0.0535051,0,-0.224673
0.474778,-0.053165,0,-0.221364
0.478397,-0.0528144,0,-0.217869
0.482041,-0.0524533,0,-0.214195
0.485711,-0.0520818,0,-0.210355
0.489405,-0.0516999,0,-0.206355
0.493125,-0.0513076,0,-0.202207
0.49687,-0.050905,0,-0.197916
0.500642,-0.0504922,0,-0.193493
0.504439,-0.0500692,0,-0.188944
0.508263,-0.0496361,0,-0.184281
0.512113,-0.0491931,0,-0.179518
0.515989,-0.0487401,0,-0.17467
0.519893,-0.0482774,0,-0.16975
0.523823,-0.0478051,0,-0.164776
0.527781,-0.0473233,0,-0.159761
0.531766,-0.0468321,0,-0.154717
0.535779,-0.0463315,0,-0.149636
0.539819,-0.0458217,0,-0.144517
0.543888,-0.0453028,0,-0.139362
0.547985,-0.0447748,0,-0.134174
0.552111,-0.0442378,0,-0.128958
0.556265,-0.043692,0,-0.123719
0.560449,-0.0431375,0,-0.11846
0.564662,-0.0425744,0,-0.113187
0.568904,-0.0420027,0,-0.107903
0.573176,-0.0414228,0,-0.102619
0.577478,-0.0408347,0,-0.0973386
0.58181,-0.0402385,0,-0.092067
0.586172,-0.0396343,0,-0.0867965
0.590566,-0.0390222,0,-0.0815253
0.59499,-0.0384024,0,-0.0762558
0.599445,-0.037775,0,-0.0709903
0.603932,-0.0371402,0,-0.0657283
0.608451,-0.036498,0,-0.0604709
0.613001,-0.0358486,0,-0.0552167
0.617584,-0.0351922,0,-0.0499674
0.6222,-0.0345289,0,-0.0447228
0.626848,-0.0338588,0,-0.039486
0.631529,-0.0331823,0,-0.0342549
0.636244,-0.0324993,0,-0.0290302
0.640992,-0.0318102,0,-0.0238089
0.645774,-0.0311151,0,-0.0185929
0.65059,-0.0304142,0,-0.0133787
0.655441,-0.0297078,0,-0.00817317
0.660326,-0.0289961,0,-0.00298074
0.665247,-0.0282795,0,0.00218951
0.670203,-0.0275582,0,0.00733604
0.675195,-0.0268326,0,0.0124503
0.680222,-0.0261029,0,0.0175332
0.685287,-0.0253695,0,0.0225788
0.690387,-0.0246327,0,0.027588
0.695525,-0.0238929,0,0.0325551
0.7007,-0.0231504,0,0.0374789
0.705912,-0.0224058,0,0.0423531
0.711163,-0.0216593,0,0.0471725
0.716452,-0.0209115,0,0.0519353
0.721779,-0.0201628,0,0.0566328
0.727146,-0.0194137,0,0.0612582
0.732552,-0.0186649,0,0.0657946
0.737998,-0.0179169,0,0.0702345
0.743484,-0.0171703,0,0.0745624
0.74901,-0.0164258,0,0.078769
0.754577,-0.0156839,0,0.0828364
0.760186,-0.0149454,0,0.0867525
0.765836,-0.0142108,0,0.0905023
0.771528,-0.0134807,0,0.0940989
0.777262,-0.0127556,0,0.0975484
0.783039,-0.0120361,0,0.10086
0.788859,-0.0113227,0,0.104032
0.794722,-0.010616,0,0.107076
0.800629,-0.00991657,0,0.109993
0.80658,-0.00922524,0,0.112792
0.812576,-0.00854286,0,0.115452
0.818616,-0.00787036,0,0.117957
0.824702,-0.00720872,0,0.120289
0.830834,-0.00655905,0,0.122437
0.837011,-0.00592249,0,0.12437
0.843235,-0.0053003,0,0.126074
0.849506,-0.00469389,0,0.12751
0.855825,-0.00410477,0,0.12864
0.862191,-0.00353448,0,0.12942
0.868605,-0.00298459,0,0.129824
0.875067,-0.00245677,0,0.129814
0.881579,-0.00195314,0,0.129339
0.88814,-0.00147611,0,0.128277
0.89475,-0.00102812,0,0.126511
0.90141,-0.000611578,0,0.123938
0.908121,-0.00022906,0,0.120436
0.914882,0.000116392,0,0.115868
0.921694,0.000421562,0,0.10993
0.928558,0.000683409,0,0.102467
0.935472,0.000898717,0,0.0930608
0.942438,0.00106336,0,0.0814816
0.949455,0.00117245,0,0.0666518
0.956524,0.00122013,0,0.0480091
0.963644,0.00120117,0,0.0230986
0.970815,0.00111125,0,-0.00914748
0.978036,0.000947191,0,-0.0542605
0.985308,0.000707975,0,-0.121866
0.992629,0.000392861,0,-0.205624
