Points_0,Points_1,Points_2,Pressure_Coefficient
1,0,0,-0.607372
0.992739,0.00151925,0,-0.568306
0.985523,0.00298981,0,-0.591057
0.978353,0.00442412,0,-0.584032
0.971231,0.0058254,0,-0.58743
0.964156,0.00719657,0,-0.589545
0.957129,0.00853886,0,-0.593121
0.950149,0.00985441,0,-0.597148
0.943216,0.0111454,0,-0.60162
0.936331,0.0124123,0,-0.606332
0.929492,0.0136555,0,-0.611142
0.9227,0.0148758,0,-0.61594
0.915955,0.0160741,0,-0.620632
0.909257,0.0172512,0,-0.625161
0.902604,0.0184074,0,-0.629473
0.895997,0.0195429,0,-0.63353
0.889435,0.0206585,0,-0.637301
0.882919,0.0217549,0,-0.64078
0.876448,0.0228325,0,-0.643964
0.870022,0.0238914,0,-0.646851
0.86364,0.0249318,0,-0.649446
0.857303,0.0259541,0,-0.651752
0.851009,0.0269588,0,-0.6538
0.844759,0.0279463,0,-0.655587
0.838553,0.0289166,0,-0.657158
0.832389,0.0298701,0,-0.658498
0.826269,0.0308068,0,-0.659657
0.82019,0.0317268,0,-0.660623
0.814155,0.0326299,0,-0.661432
0.80816,0.0335165,0,-0.662085
0.802208,0.0343865,0,-0.662608
0.796297,0.0352404,0,-0.663013
0.790427,0.0360781,0,-0.663318
0.784597,0.0368999,0,-0.663532
0.778808,0.0377056,0,-0.66367
0.77306,0.0384955,0,-0.663738
0.767351,0.0392698,0,-0.663749
0.761682,0.0400286,0,-0.66371
0.756052,0.0407722,0,-0.663636
0.750462,0.0415009,0,-0.663531
0.74491,0.0422147,0,-0.663404
0.739397,0.0429137,0,-0.663258
0.733922,0.0435979,0,-0.663097
0.728485,0.0442674,0,-0.662927
0.723086,0.0449225,0,-0.662748
0.717725,0.0455634,0,-0.662573
0.712401,0.0461902,0,-0.662391
0.707114,0.0468031,0,-0.662226
0.701864,0.0474024,0,-0.662053
0.696651,0.0479881,0,-0.661909
0.691474,0.0485606,0,-0.661753
0.686333,0.0491198,0,-0.661631
0.681227,0.0496661,0,-0.661504
0.676158,0.0501994,0,-0.661401
0.671124,0.0507198,0,-0.661303
0.666124,0.0512276,0,-0.661221
0.66116,0.0517227,0,-0.661148
0.656231,0.0522054,0,-0.661089
0.651335,0.0526758,0,-0.661041
0.646474,0.053134,0,-0.661006
0.641647,0.0535801,0,-0.660982
0.636854,0.0540142,0,-0.660971
0.632094,0.0544364,0,-0.660968
0.627367,0.0548466,0,-0.660975
0.622674,0.055245,0,-0.660989
0.618013,0.0556315,0,-0.66101
0.613385,0.0560062,0,-0.661036
0.608789,0.0563692,0,-0.661067
0.604225,0.0567205,0,-0.661101
0.599693,0.0570602,0,-0.661142
0.595193,0.0573884,0,-0.661183
0.590724,0.057705,0,-0.661233
0.586286,0.0580102,0,-0.66128
0.58188,0.058304,0,-0.66134
0.577504,0.0585865,0,-0.661392
0.573159,0.0588577,0,-0.661463
0.568844,0.0591177,0,-0.66152
0.564559,0.0593668,0,-0.661598
0.560305,0.0596051,0,-0.661668
0.55608,0.0598328,0,-0.661753
0.551885,0.0600501,0,-0.661839
0.547719,0.0602572,0,-0.661936
0.543582,0.0604544,0,-0.662039
0.539475,0.0606418,0,-0.662154
0.535396,0.0608197,0,-0.662279
0.531346,0.0609883,0,-0.662419
0.527324,0.0611479,0,-0.662571
0.523331,0.0612986,0,-0.66274
0.519366,0.0614408,0,-0.662924
0.515429,0.0615746,0,-0.663126
0.511519,0.0617002,0,-0.663344
0.507637,0.0618179,0,-0.663581
0.503782,0.0619278,0,-0.663837
0.499954,0.0620302,0,-0.66411
0.496154,0.0621252,0,-0.664404
0.49238,0.0622132,0,-0.664712
0.488632,0.0622942,0,-0.665045
0.484912,0.0623685,0,-0.665387
0.481217,0.0624362,0,-0.665761
0.477548,0.0624977,0,-0.666132
0.473905,0.062553,0,-0.666545
0.470288,0.0626024,0,-0.666946
0.466697,0.0626459,0,-0.667389
0.46313,0.0626839,0,-0.667823
0.459589,0.0627164,0,-0.668285
0.456073,0.0627435,0,-0.668748
0.452581,0.0627656,0,-0.669228
0.449115,0.0627826,0,-0.669713
0.445672,0.0627948,0,-0.670211
0.442254,0.0628023,0,-0.670714
0.43886,0.0628052,0,-0.671227
0.43549,0.0628037,0,-0.671744
0.432143,0.0627979,0,-0.672267
0.42882,0.0627879,0,-0.672795
0.425521,0.0627738,0,-0.673325
0.422244,0.0627558,0,-0.673856
0.418991,0.0627339,0,-0.67439
0.415761,0.0627083,0,-0.674922
0.412553,0.0626791,0,-0.675452
0.409368,0.0626462,0,-0.675982
0.406205,0.0626099,0,-0.676504
0.403064,0.0625701,0,-0.67703
0.399946,0.0625271,0,-0.67754
0.396849,0.0624807,0,-0.678062
0.393774,0.0624312,0,-0.678557
0.390721,0.0623785,0,-0.679074
0.387689,0.0623228,0,-0.679553
0.384678,0.062264,0,-0.680056
0.381689,0.0622023,0,-0.680528
0.37872,0.0621377,0,-0.68101
0.375772,0.0620703,0,-0.681473
0.372845,0.062,0,-0.681938
0.369938,0.0619271,0,-0.682394
0.367052,0.0618515,0,-0.682848
0.364185,0.0617733,0,-0.683299
0.361339,0.0616925,0,-0.683748
0.358513,0.0616092,0,-0.684196
0.355706,0.0615235,0,-0.684645
0.352919,0.0614354,0,-0.685094
0.350151,0.0613449,0,-0.685546
0.347403,0.0612522,0,-0.685998
0.344674,0.0611572,0,-0.686454
0.341963,0.06106,0,-0.686909
0.339272,0.0609606,0,-0.687369
0.336599,0.0608592,0,-0.687828
0.333945,0.0607556,0,-0.68829
0.33131,0.0606501,0,-0.68875
0.328692,0.0605425,0,-0.689215
0.326093,0.060433,0,-0.689673
0.323512,0.0603216,0,-0.69014
0.320949,0.0602084,0,-0.690592
0.318403,0.0600934,0,-0.691061
0.315875,0.0599766,0,-0.691505
0.313365,0.059858,0,-0.691968
0.310871,0.0597378,0,-0.692408
0.308396,0.059616,0,-0.692854
0.305937,0.0594925,0,-0.693287
0.303495,0.0593675,0,-0.693716
0.30107,0.0592409,0,-0.694135
0.298661,0.0591129,0,-0.694548
0.29627,0.0589834,0,-0.694951
0.293894,0.0588525,0,-0.695349
0.291535,0.0587202,0,-0.695737
0.289192,0.0585866,0,-0.69612
0.286866,0.0584517,0,-0.696494
0.284555,0.0583155,0,-0.696863
0.28226,0.0581781,0,-0.697225
0.27998,0.0580395,0,-0.697583
0.277717,0.0578996,0,-0.697935
0.275468,0.0577586,0,-0.698284
0.273235,0.0576164,0,-0.698631
0.271018,0.0574731,0,-0.698977
0.268815,0.0573286,0,-0.699326
0.266627,0.057183,0,-0.699675
0.264455,0.0570364,0,-0.700037
0.262297,0.0568887,0,-0.700394
0.260153,0.0567399,0,-0.70078
0.258024,0.0565901,0,-0.701151
0.25591,0.0564393,0,-0.701567
0.25381,0.0562875,0,-0.701959
0.251724,0.0561347,0,-0.7024
0.249652,0.055981,0,-0.702821
0.247594,0.0558264,0,-0.703274
0.24555,0.0556708,0,-0.703723
0.24352,0.0555143,0,-0.704187
0.241503,0.055357,0,-0.704652
0.2395,0.0551988,0,-0.705124
0.237511,0.0550398,0,-0.705596
0.235534,0.05488,0,-0.706071
0.233571,0.0547193,0,-0.706542
0.231621,0.0545579,0,-0.707013
0.229684,0.0543957,0,-0.707477
0.22776,0.0542328,0,-0.707937
0.225849,0.0540692,0,-0.708388
0.22395,0.0539048,0,-0.708833
0.222064,0.0537398,0,-0.709268
0.220191,0.0535741,0,-0.709698
0.21833,0.0534077,0,-0.710119
0.216481,0.0532407,0,-0.710534
0.214645,0.053073,0,-0.710945
0.21282,0.0529047,0,-0.711349
0.211008,0.0527358,0,-0.711758
0.209207,0.0525663,0,-0.712152
0.207419,0.0523962,0,-0.712566
0.205642,0.0522255,0,-0.712951
0.203877,0.0520542,0,-0.713373
0.202123,0.0518823,0,-0.713752
0.200381,0.0517099,0,-0.714171
0.19865,0.051537,0,-0.714553
0.19693,0.0513635,0,-0.714958
0.195221,0.0511895,0,-0.715346
0.193524,0.0510149,0,-0.715746
0.191837,0.0508399,0,-0.716143
0.190162,0.0506644,0,-0.716553
0.188497,0.0504884,0,-0.716968
0.186843,0.0503119,0,-0.717401
0.1852,0.0501349,0,-0.717845
0.183567,0.0499575,0,-0.71831
0.181944,0.0497797,0,-0.718791
0.180332,0.0496014,0,-0.719293
0.178731,0.0494227,0,-0.719813
0.177139,0.0492435,0,-0.720352
0.175558,0.0490639,0,-0.720906
0.173986,0.0488839,0,-0.721478
0.172425,0.0487034,0,-0.72206
0.170873,0.0485225,0,-0.722655
0.169331,0.0483412,0,-0.723258
0.167799,0.0481595,0,-0.723868
0.166277,0.0479774,0,-0.72448
0.164764,0.0477949,0,-0.725099
0.16326,0.0476119,0,-0.725717
0.161766,0.0474286,0,-0.726345
0.160281,0.0472448,0,-0.72697
0.158806,0.0470607,0,-0.727613
0.157339,0.0468762,0,-0.728245
0.155882,0.0466913,0,-0.728908
0.154434,0.0465061,0,-0.729548
0.152994,0.0463205,0,-0.730218
0.151563,0.0461345,0,-0.730868
0.150142,0.0459482,0,-0.731526
0.148728,0.0457615,0,-0.732172
0.147324,0.0455745,0,-0.732817
0.145928,0.0453871,0,-0.733452
0.14454,0.0451995,0,-0.734084
0.143161,0.0450115,0,-0.734708
0.14179,0.0448231,0,-0.735333
0.140427,0.0446345,0,-0.735952
0.139073,0.0444455,0,-0.736578
0.137726,0.0442562,0,-0.737201
0.136388,0.0440666,0,-0.737833
0.135058,0.0438767,0,-0.738465
0.133735,0.0436864,0,-0.739103
0.13242,0.0434959,0,-0.739741
0.131113,0.043305,0,-0.740379
0.129814,0.0431138,0,-0.741011
0.128522,0.0429224,0,-0.74164
0.127238,0.0427306,0,-0.742257
0.125961,0.0425385,0,-0.742872
0.124692,0.0423461,0,-0.743475
0.12343,0.0421534,0,-0.744076
0.122175,0.0419604,0,-0.744668
0.120927,0.041767,0,-0.745257
0.119687,0.0415734,0,-0.74584
0.118454,0.0413794,0,-0.746425
0.117227,0.0411851,0,-0.747003
0.116008,0.0409905,0,-0.747603
0.114795,0.0407956,0,-0.748187
0.11359,0.0406004,0,-0.748817
0.112391,0.0404048,0,-0.749419
0.111198,0.0402089,0,-0.750073
0.110013,0.0400127,0,-0.750701
0.108833,0.0398161,0,-0.751361
0.107661,0.0396192,0,-0.75202
0.106494,0.0394219,0,-0.752709
0.105335,0.0392243,0,-0.753419
0.104181,0.0390263,0,-0.754175
0.103034,0.0388279,0,-0.754972
0.101893,0.0386292,0,-0.755841
0.100758,0.0384301,0,-0.756772
0.0996288,0.0382306,0,-0.757795
0.098506,0.0380307,0,-0.758899
0.097389,0.0378304,0,-0.76011
0.096278,0.0376296,0,-0.761412
0.0951729,0.0374285,0,-0.762834
0.0940735,0.037227,0,-0.764352
0.0929798,0.037025,0,-0.765996
0.0918918,0.0368225,0,-0.767736
0.0908094,0.0366197,0,-0.769603
0.0897326,0.0364163,0,-0.771554
0.0886613,0.0362125,0,-0.773619
0.0875954,0.0360082,0,-0.775745
0.0865349,0.0358035,0,-0.777945
0.0854798,0.0355982,0,-0.780169
0.08443,0.0353925,0,-0.78242
0.0833853,0.0351862,0,-0.784654
0.0823459,0.0349794,0,-0.786878
0.0813116,0.0347721,0,-0.789059
0.0802823,0.0345643,0,-0.791209
0.0792581,0.0343558,0,-0.793328
0.0782389,0.0341468,0,-0.795444
0.0772245,0.0339372,0,-0.797571
0.0762151,0.033727,0,-0.799745
0.0752104,0.0335162,0,-0.801973
0.0742106,0.0333047,0,-0.80429
0.0732154,0.0330926,0,-0.806666
0.0722249,0.0328798,0,-0.809162
0.0712391,0.0326664,0,-0.811641
0.0702578,0.0324523,0,-0.814224
0.069281,0.0322375,0,-0.816682
0.0683087,0.0320219,0,-0.819159
0.0673408,0.0318056,0,-0.82148
0.0663773,0.0315885,0,-0.823723
0.0654182,0.0313706,0,-0.825769
0.0644634,0.0311519,0,-0.827682
0.0635128,0.0309324,0,-0.829342
0.0625664,0.030712,0,-0.830822
0.0616241,0.0304908,0,-0.831992
0.060686,0.0302686,0,-0.832951
0.0597519,0.0300455,0,-0.833596
0.0588219,0.0298215,0,-0.834062
0.0578958,0.0295966,0,-0.834324
0.0569737,0.0293706,0,-0.834532
0.0560555,0.0291437,0,-0.834669
0.0551412,0.0289157,0,-0.834894
0.0542306,0.0286866,0,-0.835184
0.0533239,0.0284564,0,-0.8357
0.0524209,0.028225,0,-0.83644
0.0515216,0.0279925,0,-0.837508
0.0506259,0.0277588,0,-0.838886
0.0497339,0.0275238,0,-0.840613
0.0488455,0.0272876,0,-0.842645
0.0479607,0.02705,0,-0.844963
0.0470793,0.0268112,0,-0.847506
0.0462015,0.026571,0,-0.850199
0.0453271,0.0263293,0,-0.852976
0.0444561,0.0260862,0,-0.855758
0.0435885,0.0258415,0,-0.858519
0.0427244,0.0255953,0,-0.861217
0.0418635,0.0253474,0,-0.863884
0.041006,0.0250977,0,-0.866515
0.0401517,0.0248464,0,-0.869177
0.0393008,0.0245932,0,-0.871872
0.038453,0.0243382,0,-0.874661
0.0376085,0.0240813,0,-0.877537
0.0367672,0.0238224,0,-0.880549
0.0359291,0.0235614,0,-0.883678
0.0350942,0.0232983,0,-0.886951
0.0342624,0.0230328,0,-0.890338
0.0334338,0.022765,0,-0.893858
0.0326084,0.0224947,0,-0.89749
0.0317862,0.0222218,0,-0.901271
0.0309671,0.0219462,0,-0.905209
0.0301512,0.0216678,0,-0.909331
0.0293385,0.0213866,0,-0.913625
0.0285289,0.0211023,0,-0.918101
0.0277226,0.020815,0,-0.922766
0.0269195,0.0205244,0,-0.927669
0.0261196,0.0202303,0,-0.932816
0.0253231,0.0199326,0,-0.938211
0.0245299,0.0196311,0,-0.943824
0.0237401,0.0193256,0,-0.949701
0.0229537,0.019016,0,-0.955887
0.0221708,0.0187022,0,-0.962398
0.0213914,0.018384,0,-0.969226
0.0206156,0.0180611,0,-0.976446
0.0198436,0.0177333,0,-0.984117
0.0190754,0.0174003,0,-0.992127
0.0183112,0.0170616,0,-1.00029
0.0175512,0.0167171,0,-1.00844
0.0167955,0.0163663,0,-1.01614
0.0160444,0.016009,0,-1.02287
0.0152979,0.0156449,0,-1.02841
0.0145563,0.0152737,0,-1.03304
0.0138199,0.0148949,0,-1.03774
0.0130889,0.014508,0,-1.04388
0.0123639,0.0141124,0,-1.05246
0.0116452,0.0137075,0,-1.06384
0.0109333,0.0132928,0,-1.07838
0.0102286,0.0128678,0,-1.09739
0.00953152,0.012432,0,-1.12738
0.00884279,0.0119848,0,-1.18843
0.00816329,0.0115252,0,-1.352
0.00749407,0.0110521,0,-1.57951
0.00683627,0.0105645,0,-1.70333
0.0061911,0.0100614,0,-1.72622
0.00555984,0.00954194,0,-1.70849
0.00494392,0.00900533,0,-1.67659
0.00434557,0.00845005,0,-1.63787
0.00376755,0.00787438,0,-1.59154
0.00321289,0.00727683,0,-1.53747
0.00268485,0.00665621,0,-1.47533
0.00218691,0.0060117,0,-1.40325
0.00172362,0.0053423,0,-1.31664
0.00130111,0.00464682,0,-1.21073
0.000926289,0.00392486,0,-1.08249
0.00060661,0.00317712,0,-0.931513
0.000349103,0.00240598,0,-0.762816
0.000158708,0.00161573,0,-0.581974
4.04813e-05,0.000811657,0,-0.388804
2.45681e-10,7.00775e-11,0,-0.181698
4.10564e-05,-0.000811628,0,0.0293011
0.000159807,-0.00161563,0,0.227118
0.000350623,-0.00240577,0,0.403853
0.000608399,-0.00317683,0,0.558772
0.000928138,-0.00392454,0,0.691338
0.00130273,-0.00464662,0,0.800891
0.00172466,-0.00534244,0,0.889019
0.00218695,-0.00601253,0,0.958138
0.00268343,-0.00665815,0,1.01145
0.00320953,-0.0072804,0,1.05214
0.00376183,-0.00788011,0,1.08271
0.0043371,-0.0084585,0,1.10502
0.00493233,-0.00901709,0,1.12076
0.00554479,-0.00955759,0,1.13125
0.00617227,-0.0100815,0,1.13763
0.00681336,-0.0105897,0,1.14087
0.00746685,-0.0110831,0,1.1414
0.00813155,-0.0115624,0,1.13998
0.00880638,-0.0120288,0,1.13673
0.00949031,-0.0124831,0,1.13228
0.0101824,-0.0129265,0,1.12662
0.0108821,-0.0133596,0,1.12025
0.011589,-0.0137827,0,1.11309
0.0123025,-0.0141965,0,1.10559
0.0130223,-0.0146013,0,1.09763
0.013748,-0.0149978,0,1.08952
0.0144791,-0.0153864,0,1.08116
0.0152154,-0.0157678,0,1.07276
0.0159565,-0.0161424,0,1.06418
0.0167023,-0.0165103,0,1.0556
0.0174526,-0.016872,0,1.04694
0.0182073,-0.0172276,0,1.03835
0.0189663,-0.0175773,0,1.02975
0.0197293,-0.0179216,0,1.02125
0.0204962,-0.0182605,0,1.01276
0.021267,-0.0185945,0,1.00439
0.0220416,-0.0189238,0,0.996045
0.0228197,-0.0192485,0,0.987796
0.0236015,-0.0195689,0,0.979582
0.0243868,-0.019885,0,0.9715
0.0251756,-0.020197,0,0.963477
0.0259678,-0.0205051,0,0.955593
0.0267635,-0.0208095,0,0.947778
0.0275625,-0.0211101,0,0.940099
0.0283649,-0.0214073,0,0.932488
0.0291706,-0.0217012,0,0.925001
0.0299795,-0.0219919,0,0.917563
0.0307918,-0.0222796,0,0.910228
0.0316073,-0.0225642,0,0.902953
0.032426,-0.022846,0,0.895797
0.0332481,-0.0231249,0,0.888708
0.0340734,-0.0234011,0,0.881738
0.034902,-0.0236746,0,0.874836
0.0357339,-0.0239456,0,0.868049
0.036569,-0.0242141,0,0.861326
0.0374075,-0.0244802,0,0.854707
0.0382492,-0.024744,0,0.848142
0.0390943,-0.0250056,0,0.841663
0.0399427,-0.0252651,0,0.835228
0.0407945,-0.0255224,0,0.828888
0.0416496,-0.0257777,0,0.822602
0.0425082,-0.0260309,0,0.816411
0.0433702,-0.0262822,0,0.810274
0.0442356,-0.0265317,0,0.80423
0.0451045,-0.0267792,0,0.798238
0.0459769,-0.027025,0,0.792334
0.0468528,-0.027269,0,0.786477
0.0477323,-0.0275114,0,0.7807
0.0486154,-0.0277521,0,0.77496
0.0495021,-0.0279913,0,0.769288
0.0503924,-0.0282289,0,0.763654
0.0512864,-0.028465,0,0.758094
0.0521841,-0.0286996,0,0.752574
0.0530856,-0.0289328,0,0.747128
0.0539908,-0.0291646,0,0.741722
0.0548999,-0.029395,0,0.736386
0.0558128,-0.0296241,0,0.731088
0.0567297,-0.0298519,0,0.725857
0.0576504,-0.0300784,0,0.720658
0.0585751,-0.0303038,0,0.71552
0.0595038,-0.0305279,0,0.710405
0.0604366,-0.030751,0,0.705341
0.0613734,-0.0309729,0,0.7003
0.0623144,-0.0311937,0,0.695313
0.0632595,-0.0314134,0,0.690355
0.0642089,-0.0316321,0,0.68545
0.0651625,-0.0318497,0,0.680574
0.0661204,-0.0320664,0,0.675748
0.0670826,-0.0322821,0,0.670953
0.0680492,-0.0324968,0,0.666201
0.0690203,-0.0327106,0,0.661483
0.0699958,-0.0329235,0,0.656796
0.0709758,-0.0331355,0,0.652145
0.0719604,-0.0333467,0,0.647511
0.0729496,-0.033557,0,0.642911
0.0739435,-0.0337666,0,0.638329
0.0749421,-0.0339753,0,0.633784
0.0759454,-0.0341833,0,0.629261
0.0769535,-0.0343904,0,0.624773
0.0779665,-0.0345969,0,0.620307
0.0789844,-0.0348026,0,0.615876
0.0800072,-0.0350075,0,0.611466
0.0810351,-0.0352118,0,0.607089
0.0820679,-0.0354154,0,0.60273
0.0831059,-0.0356183,0,0.598401
0.084149,-0.0358206,0,0.594086
0.0851974,-0.0360223,0,0.589797
0.086251,-0.0362233,0,0.585517
0.0873099,-0.0364237,0,0.581264
0.0883741,-0.0366236,0,0.577023
0.0894438,-0.0368228,0,0.572809
0.0905189,-0.0370215,0,0.568607
0.0915995,-0.0372196,0,0.564432
0.0926858,-0.0374172,0,0.560268
0.0937776,-0.0376143,0,0.556129
0.0948752,-0.0378108,0,0.551998
0.0959785,-0.0380068,0,0.547891
0.0970875,-0.0382023,0,0.543788
0.0982025,-0.0383973,0,0.539705
0.0993233,-0.0385918,0,0.535621
0.10045,-0.0387859,0,0.531551
0.101583,-0.0389796,0,0.527484
0.102722,-0.0391727,0,0.523434
0.103867,-0.0393654,0,0.519388
0.105018,-0.0395577,0,0.51536
0.106176,-0.0397495,0,0.511338
0.107339,-0.0399409,0,0.507332
0.10851,-0.0401318,0,0.503333
0.109686,-0.0403223,0,0.499347
0.110869,-0.0405124,0,0.495371
0.112059,-0.0407021,0,0.491401
0.113256,-0.0408913,0,0.487442
0.114459,-0.0410801,0,0.483484
0.115668,-0.0412685,0,0.479536
0.116885,-0.0414565,0,0.475588
0.118108,-0.0416441,0,0.471653
0.119339,-0.0418313,0,0.467721
0.120576,-0.0420181,0,0.463803
0.121821,-0.0422045,0,0.459887
0.123072,-0.0423904,0,0.455985
0.124331,-0.042576,0,0.452087
0.125597,-0.0427611,0,0.448201
0.12687,-0.0429458,0,0.444319
0.128151,-0.0431301,0,0.44045
0.12944,-0.043314,0,0.436583
0.130735,-0.0434975,0,0.432728
0.132039,-0.0436806,0,0.428874
0.13335,-0.0438632,0,0.425033
0.134669,-0.0440455,0,0.421192
0.135995,-0.0442274,0,0.417363
0.13733,-0.0444088,0,0.413534
0.138672,-0.0445898,0,0.409715
0.140023,-0.0447705,0,0.405895
0.141381,-0.0449507,0,0.402084
0.142748,-0.0451306,0,0.398271
0.144123,-0.04531,0,0.394463
0.145506,-0.045489,0,0.390651
0.146898,-0.0456677,0,0.386842
0.148298,-0.0458459,0,0.383024
0.149706,-0.0460238,0,0.379208
0.151123,-0.0462013,0,0.375387
0.152549,-0.0463783,0,0.371566
0.153984,-0.0465549,0,0.367744
0.155427,-0.0467311,0,0.363919
0.156879,-0.0469069,0,0.360095
0.158341,-0.0470823,0,0.356264
0.159811,-0.0472572,0,0.352435
0.16129,-0.0474318,0,0.348598
0.162779,-0.0476058,0,0.344761
0.164277,-0.0477794,0,0.340915
0.165784,-0.0479526,0,0.337068
0.167301,-0.0481254,0,0.33321
0.168827,-0.0482976,0,0.329352
0.170363,-0.0484694,0,0.325486
0.171908,-0.0486407,0,0.321618
0.173464,-0.0488116,0,0.317742
0.175029,-0.0489819,0,0.313864
0.176604,-0.0491517,0,0.309977
0.178189,-0.049321,0,0.306088
0.179784,-0.0494898,0,0.302187
0.181389,-0.0496581,0,0.298284
0.183005,-0.0498259,0,0.294367
0.184631,-0.049993,0,0.290445
0.186267,-0.0501597,0,0.286508
0.187914,-0.0503257,0,0.282567
0.189571,-0.0504912,0,0.278613
0.191239,-0.0506561,0,0.274655
0.192918,-0.0508204,0,0.270685
0.194608,-0.050984,0,0.266709
0.196309,-0.051147,0,0.262724
0.198021,-0.0513094,0,0.25873
0.199744,-0.0514711,0,0.254729
0.201478,-0.0516321,0,0.250717
0.203224,-0.0517924,0,0.2467
0.20498,-0.051952,0,0.242669
0.206749,-0.0521109,0,0.23863
0.208529,-0.052269,0,0.234576
0.210321,-0.0524264,0,0.230512
0.212124,-0.052583,0,0.226431
0.21394,-0.0527389,0,0.222336
0.215767,-0.052894,0,0.218221
0.217607,-0.0530483,0,0.214089
0.219458,-0.0532018,0,0.209932
0.221322,-0.0533545,0,0.205754
0.223198,-0.0535064,0,0.201542
0.225087,-0.0536574,0,0.197302
0.226988,-0.0538075,0,0.193028
0.228902,-0.0539568,0,0.18873
0.230829,-0.0541051,0,0.184401
0.232769,-0.0542525,0,0.180049
0.234721,-0.0543989,0,0.175665
0.236687,-0.0545442,0,0.171258
0.238666,-0.0546885,0,0.16682
0.240658,-0.0548318,0,0.162356
0.242664,-0.0549739,0,0.157861
0.244683,-0.0551149,0,0.153337
0.246715,-0.0552548,0,0.148781
0.248762,-0.0553934,0,0.144193
0.250822,-0.0555308,0,0.139572
0.252896,-0.0556669,0,0.134914
0.254984,-0.0558017,0,0.130221
0.257086,-0.0559352,0,0.125483
0.259203,-0.0560672,0,0.120705
0.261334,-0.0561979,0,0.115877
0.263479,-0.0563271,0,0.110998
0.265639,-0.0564547,0,0.106058
0.267814,-0.0565809,0,0.101059
0.270003,-0.0567054,0,0.0959982
0.272208,-0.0568282,0,0.0908885
0.274427,-0.0569492,0,0.0857242
0.276662,-0.0570683,0,0.0805135
0.278912,-0.0571855,0,0.0752497
0.281177,-0.0573008,0,0.0699403
0.283458,-0.0574139,0,0.0645772
0.285755,-0.0575248,0,0.0591672
0.288067,-0.0576334,0,0.0537002
0.290395,-0.0577397,0,0.0481851
0.292739,-0.0578435,0,0.0426182
0.2951,-0.0579447,0,0.0370122
0.297477,-0.0580432,0,0.0313615
0.29987,-0.0581388,0,0.0256767
0.302279,-0.0582315,0,0.0199525
0.304706,-0.0583212,0,0.014198
0.307149,-0.0584076,0,0.0084101
0.309609,-0.0584906,0,0.00259343
0.312086,-0.0585702,0,-0.00325015
0.31458,-0.0586462,0,-0.00911801
0.317091,-0.0587183,0,-0.014998
0.31962,-0.0587865,0,-0.0208908
0.322166,-0.0588506,0,-0.0267819
0.32473,-0.0589105,0,-0.0326711
0.327312,-0.0589658,0,-0.0385432
0.329912,-0.0590166,0,-0.0443931
0.33253,-0.0590625,0,-0.0502018
0.335166,-0.0591034,0,-0.0559642
0.337821,-0.0591392,0,-0.0616719
0.340493,-0.0591697,0,-0.0673342
0.343185,-0.0591947,0,-0.0729417
0.345895,-0.0592141,0,-0.0784971
0.348624,-0.0592276,0,-0.083987
0.351372,-0.0592352,0,-0.089412
0.354139,-0.0592367,0,-0.094756
0.356925,-0.0592318,0,-0.100017
0.359731,-0.0592203,0,-0.105179
0.362556,-0.0592022,0,-0.110247
0.365401,-0.0591773,0,-0.115209
0.368266,-0.0591453,0,-0.120065
0.37115,-0.0591061,0,-0.124798
0.374055,-0.0590595,0,-0.129403
0.37698,-0.0590053,0,-0.133862
0.379925,-0.0589433,0,-0.13816
0.38289,-0.0588734,0,-0.142284
0.385876,-0.0587953,0,-0.146231
0.388883,-0.0587091,0,-0.150015
0.39191,-0.0586144,0,-0.153625
0.394959,-0.0585112,0,-0.157065
0.398029,-0.0583993,0,-0.160324
0.401119,-0.0582787,0,-0.163397
0.404232,-0.058149,0,-0.166269
0.407365,-0.0580102,0,-0.168936
0.410521,-0.0578622,0,-0.171397
0.413698,-0.0577048,0,-0.173658
0.416897,-0.057538,0,-0.175714
0.420118,-0.0573615,0,-0.177564
0.423362,-0.0571754,0,-0.179196
0.426627,-0.0569795,0,-0.180609
0.429915,-0.0567736,0,-0.181787
0.433226,-0.0565577,0,-0.182736
0.43656,-0.0563317,0,-0.183458
0.439917,-0.0560956,0,-0.183967
0.443296,-0.0558493,0,-0.184256
0.446699,-0.0555927,0,-0.184333
0.450125,-0.0553258,0,-0.184192
0.453575,-0.0550485,0,-0.183835
0.457049,-0.0547607,0,-0.183259
0.460546,-0.0544625,0,-0.182476
0.464068,-0.0541539,0,-0.18149
0.467613,-0.0538348,0,-0.180306
0.471183,-0.0535051,0,-0.17893
0.474778,-0.053165,0,-0.17736
0.478397,-0.0528144,0,-0.175604
0.482041,-0.0524533,0,-0.173666
0.485711,-0.0520818,0,-0.171556
0.489405,-0.0516999,0,-0.16928
0.493125,-0.0513076,0,-0.166848
0.49687,-0.050905,0,-0.164265
0.500642,-0.0504922,0,-0.161539
0.504439,-0.0500692,0,-0.158674
0.508263,-0.0496361,0,-0.155683
0.512113,-0.0491931,0,-0.152578
0.515989,-0.0487401,0,-0.149374
0.519893,-0.0482774,0,-0.146082
0.523823,-0.0478051,0,-0.142721
0.527781,-0.0473233,0,-0.139305
0.531766,-0.0468321,0,-0.135843
0.535779,-0.0463315,0,-0.132328
0.539819,-0.0458217,0,-0.128759
0.543888,-0.0453028,0,-0.125136
0.547985,-0.0447748,0,-0.121464
0.552111,-0.0442378,0,-0.117747
0.556265,-0.043692,0,-0.113991
0.560449,-0.0431375,0,-0.110197
0.564662,-0.0425744,0,-0.106372
0.568904,-0.0420027,0,-0.10252
0.573176,-0.0414228,0,-0.0986515
0.577478,-0.0408347,0,-0.0947717
0.58181,-0.0402385,0,-0.0908849
0.586172,-0.0396343,0,-0.0869847
0.590566,-0.0390222,0,-0.0830682
0.59499,-0.0384024,0,-0.0791383
0.599445,-0.037775,0,-0.075197
0.603932,-0.0371402,0,-0.0712447
0.608451,-0.036498,0,-0.0672818
0.613001,-0.0358486,0,-0.0633076
0.617584,-0.0351922,0,-0.0593234
0.6222,-0.0345289,0,-0.0553297
0.626848,-0.0338588,0,-0.0513293
0.631529,-0.0331823,0,-0.0473208
0.636244,-0.0324993,0,-0.0433042
0.640992,-0.0318102,0,-0.0392772
0.645774,-0.0311151,0,-0.0352409
0.65059,-0.0304142,0,-0.0311927
0.655441,-0.0297078,0,-0.0271389
0.660326,-0.0289961,0,-0.0230855
0.665247,-0.0282795,0,-0.0190413
0.670203,-0.0275582,0,-0.0150091
0.675195,-0.0268326,0,-0.0109971
0.680222,-0.0261029,0,-0.0070055
0.685287,-0.0253695,0,-0.00303972
0.690387,-0.0246327,0,0.00090021
0.695525,-0.0238929,0,0.00480879
0.7007,-0.0231504,0,0.00868423
0.705912,-0.0224058,0,0.0125194
0.711163,-0.0216593,0,0.0163094
0.716452,-0.0209115,0,0.0200507
0.721779,-0.0201628,0,0.023735
0.727146,-0.0194137,0,0.0273534
0.732552,-0.0186649,0,0.0308881
0.737998,-0.0179169,0,0.0343297
0.743484,-0.0171703,0,0.0376622
0.74901,-0.0164258,0,0.0408736
0.754577,-0.0156839,0,0.0439446
0.760186,-0.0149454,0,0.04686
0.765836,-0.0142108,0,0.049604
0.771528,-0.0134807,0,0.0521892
0.777262,-0.0127556,0,0.0546236
0.783039,-0.0120361,0,0.0569157
0.788859,-0.0113227,0,0.0590656
0.794722,-0.010616,0,0.0610834
0.800629,-0.00991657,0,0.0629728
0.80658,-0.00922524,0,0.0647416
0.812576,-0.00854286,0,0.0663676
0.818616,-0.00787036,0,0.0678328
0.824702,-0.00720872,0,0.0691181
0.830834,-0.00655905,0,0.0702081
0.837011,-0.00592249,0,0.0710706
0.843235,-0.0053003,0,0.071689
0.849506,-0.00469389,0,0.0720189
0.855825,-0.00410477,0,0.072017
0.862191,-0.00353448,0,0.0716355
0.868605,-0.00298459,0,0.0708432
0.875067,-0.00245677,0,0.0695989
0.881579,-0.00195314,0,0.0678422
0.88814,-0.00147611,0,0.0654345
0.89475,-0.00102812,0,0.0622398
0.90141,-0.000611578,0,0.0581407
0.908121,-0.00022906,0,0.0529927
0.914882,0.000116392,0,0.0466359
0.921694,0.000421562,0,0.0387158
0.928558,0.000683409,0,0.0290436
0.935472,0.000898717,0,0.0171289
0.942438,0.00106336,0,0.00266891
0.949455,0.00117245,0,-0.0156055
0.956524,0.00122013,0,-0.0384735
0.963644,0.00120117,0,-0.0688543
0.970815,0.00111125,0,-0.108472
0.978036,0.000947191,0,-0.16407
0.985308,0.000707975,0,-0.24796
0.992629,0.000392861,0,-0.360461
