Points_0,Points_1,Points_2,Pressure_Coefficient
1,0,0,0.248113
0.992739,0.00151925,0,0.215224
0.985523,0.00298981,0,0.185114
0.978353,0.00442412,0,0.163073
0.971231,0.0058254,0,0.14263
0.964156,0.00719657,0,0.12222
0.957129,0.00853886,0,0.103503
0.950149,0.00985441,0,0.0855632
0.943216,0.0111454,0,0.068437
0.936331,0.0124123,0,0.0520523
0.929492,0.0136555,0,0.0363733
0.9227,0.0148758,0,0.0213489
0.915955,0.0160741,0,0.00686891
0.909257,0.0172512,0,-0.00711387
0.902604,0.0184074,0,-0.0206021
0.895997,0.0195429,0,-0.0336234
0.889435,0.0206585,0,-0.0462596
0.882919,0.0217549,0,-0.0585816
0.876448,0.0228325,0,-0.0705994
0.870022,0.0238914,0,-0.0823101
0.86364,0.0249318,0,-0.0937298
0.857303,0.0259541,0,-0.104909
0.851009,0.0269588,0,-0.115886
0.844759,0.0279463,0,-0.126688
0.838553,0.0289166,0,-0.137332
0.832389,0.0298701,0,-0.147833
0.826269,0.0308068,0,-0.158184
0.82019,0.0317268,0,-0.168376
0.814155,0.0326299,0,-0.178393
0.80816,0.0335165,0,-0.188252
0.802208,0.0343865,0,-0.197965
0.796297,0.0352404,0,-0.207557
0.790427,0.0360781,0,-0.217026
0.784597,0.0368999,0,-0.226365
0.778808,0.0377056,0,-0.235556
0.77306,0.0384955,0,-0.244596
0.767351,0.0392698,0,-0.253501
0.761682,0.0400286,0,-0.262296
0.756052,0.0407722,0,-0.271005
0.750462,0.0415009,0,-0.279633
0.74491,0.0422147,0,-0.288168
0.739397,0.0429137,0,-0.296593
0.733922,0.0435979,0,-0.304895
0.728485,0.0442674,0,-0.313074
0.723086,0.0449225,0,-0.321142
0.717725,0.0455634,0,-0.329108
0.712401,0.0461902,0,-0.336981
0.707114,0.0468031,0,-0.344772
0.701864,0.0474024,0,-0.352492
0.696651,0.0479881,0,-0.360146
0.691474,0.0485606,0,-0.367742
0.686333,0.0491198,0,-0.375288
0.681227,0.0496661,0,-0.382779
0.676158,0.0501994,0,-0.390213
0.671124,0.0507198,0,-0.397589
0.666124,0.0512276,0,-0.404902
0.66116,0.0517227,0,-0.412159
0.656231,0.0522054,0,-0.419363
0.651335,0.0526758,0,-0.426526
0.646474,0.053134,0,-0.433662
0.641647,0.0535801,0,-0.440777
0.636854,0.0540142,0,-0.447854
0.632094,0.0544364,0,-0.454877
0.627367,0.0548466,0,-0.461829
0.622674,0.055245,0,-0.468701
0.618013,0.0556315,0,-0.475478
0.613385,0.0560062,0,-0.482151
0.608789,0.0563692,0,-0.488709
0.604225,0.0567205,0,-0.495139
0.599693,0.0570602,0,-0.501419
0.595193,0.0573884,0,-0.50753
0.590724,0.057705,0,-0.513449
0.586286,0.0580102,0,-0.519164
0.58188,0.058304,0,-0.524649
0.577504,0.0585865,0,-0.529861
0.573159,0.0588577,0,-0.534745
0.568844,0.0591177,0,-0.539289
0.564559,0.0593668,0,-0.543505
0.560305,0.0596051,0,-0.547399
0.55608,0.0598328,0,-0.550977
0.551885,0.0600501,0,-0.554241
0.547719,0.0602572,0,-0.557184
0.543582,0.0604544,0,-0.559822
0.539475,0.0606418,0,-0.562169
0.535396,0.0608197,0,-0.564243
0.531346,0.0609883,0,-0.566054
0.527324,0.0611479,0,-0.567616
0.523331,0.0612986,0,-0.568932
0.519366,0.0614408,0,-0.570015
0.515429,0.0615746,0,-0.57087
0.511519,0.0617002,0,-0.57151
0.507637,0.0618179,0,-0.571942
0.503782,0.0619278,0,-0.572178
0.499954,0.0620302,0,-0.572222
0.496154,0.0621252,0,-0.572093
0.49238,0.0622132,0,-0.571802
0.488632,0.0622942,0,-0.571371
0.484912,0.0623685,0,-0.570811
0.481217,0.0624362,0,-0.570134
0.477548,0.0624977,0,-0.569339
0.473905,0.062553,0,-0.568429
0.470288,0.0626024,0,-0.567415
0.466697,0.0626459,0,-0.566318
0.46313,0.0626839,0,-0.565148
0.459589,0.0627164,0,-0.563917
0.456073,0.0627435,0,-0.562628
0.452581,0.0627656,0,-0.561289
0.449115,0.0627826,0,-0.55991
0.445672,0.0627948,0,-0.558499
0.442254,0.0628023,0,-0.557062
0.43886,0.0628052,0,-0.555598
0.43549,0.0628037,0,-0.55411
0.432143,0.0627979,0,-0.5526
0.42882,0.0627879,0,-0.551084
0.425521,0.0627738,0,-0.549575
0.422244,0.0627558,0,-0.548086
0.418991,0.0627339,0,-0.546611
0.415761,0.0627083,0,-0.545149
0.412553,0.0626791,0,-0.543693
0.409368,0.0626462,0,-0.542242
0.406205,0.0626099,0,-0.5408
0.403064,0.0625701,0,-0.539375
0.399946,0.0625271,0,-0.537967
0.396849,0.0624807,0,-0.536571
0.393774,0.0624312,0,-0.535175
0.390721,0.0623785,0,-0.533771
0.387689,0.0623228,0,-0.532355
0.384678,0.062264,0,-0.530932
0.381689,0.0622023,0,-0.529498
0.37872,0.0621377,0,-0.528057
0.375772,0.0620703,0,-0.526608
0.372845,0.062,0,-0.52515
0.369938,0.0619271,0,-0.523682
0.367052,0.0618515,0,-0.5222
0.364185,0.0617733,0,-0.520707
0.361339,0.0616925,0,-0.519202
0.358513,0.0616092,0,-0.517692
0.355706,0.0615235,0,-0.516174
0.352919,0.0614354,0,-0.514651
0.350151,0.0613449,0,-0.513117
0.347403,0.0612522,0,-0.511573
0.344674,0.0611572,0,-0.510017
0.341963,0.06106,0,-0.508452
0.339272,0.0609606,0,-0.50688
0.336599,0.0608592,0,-0.505303
0.333945,0.0607556,0,-0.503713
0.33131,0.0606501,0,-0.50211
0.328692,0.0605425,0,-0.50049
0.326093,0.060433,0,-0.49886
0.323512,0.0603216,0,-0.49722
0.320949,0.0602084,0,-0.495572
0.318403,0.0600934,0,-0.493907
0.315875,0.0599766,0,-0.492228
0.313365,0.059858,0,-0.49054
0.310871,0.0597378,0,-0.488845
0.308396,0.059616,0,-0.487144
0.305937,0.0594925,0,-0.48544
0.303495,0.0593675,0,-0.483733
0.30107,0.0592409,0,-0.482028
0.298661,0.0591129,0,-0.480324
0.29627,0.0589834,0,-0.478628
0.293894,0.0588525,0,-0.476938
0.291535,0.0587202,0,-0.475259
0.289192,0.0585866,0,-0.473592
0.286866,0.0584517,0,-0.471944
0.284555,0.0583155,0,-0.470315
0.28226,0.0581781,0,-0.468702
0.27998,0.0580395,0,-0.467096
0.277717,0.0578996,0,-0.465496
0.275468,0.0577586,0,-0.463897
0.273235,0.0576164,0,-0.462296
0.271018,0.0574731,0,-0.460692
0.268815,0.0573286,0,-0.459085
0.266627,0.057183,0,-0.457472
0.264455,0.0570364,0,-0.455856
0.262297,0.0568887,0,-0.454235
0.260153,0.0567399,0,-0.452611
0.258024,0.0565901,0,-0.450979
0.25591,0.0564393,0,-0.449336
0.25381,0.0562875,0,-0.447681
0.251724,0.0561347,0,-0.446021
0.249652,0.055981,0,-0.444354
0.247594,0.0558264,0,-0.442681
0.24555,0.0556708,0,-0.441
0.24352,0.0555143,0,-0.43931
0.241503,0.055357,0,-0.437613
0.2395,0.0551988,0,-0.435909
0.237511,0.0550398,0,-0.434199
0.235534,0.05488,0,-0.43248
0.233571,0.0547193,0,-0.430756
0.231621,0.0545579,0,-0.429026
0.229684,0.0543957,0,-0.427293
0.22776,0.0542328,0,-0.425557
0.225849,0.0540692,0,-0.423821
0.22395,0.0539048,0,-0.422087
0.222064,0.0537398,0,-0.420359
0.220191,0.0535741,0,-0.418636
0.21833,0.0534077,0,-0.416918
0.216481,0.0532407,0,-0.415197
0.214645,0.053073,0,-0.413475
0.21282,0.0529047,0,-0.411749
0.211008,0.0527358,0,-0.410021
0.209207,0.0525663,0,-0.408289
0.207419,0.0523962,0,-0.406554
0.205642,0.0522255,0,-0.404812
0.203877,0.0520542,0,-0.403061
0.202123,0.0518823,0,-0.4013
0.200381,0.0517099,0,-0.399531
0.19865,0.051537,0,-0.397754
0.19693,0.0513635,0,-0.395974
0.195221,0.0511895,0,-0.394188
0.193524,0.0510149,0,-0.392399
0.191837,0.0508399,0,-0.390606
0.190162,0.0506644,0,-0.388806
0.188497,0.0504884,0,-0.387002
0.186843,0.0503119,0,-0.385196
0.1852,0.0501349,0,-0.383392
0.183567,0.0499575,0,-0.381589
0.181944,0.0497797,0,-0.379793
0.180332,0.0496014,0,-0.377996
0.178731,0.0494227,0,-0.376199
0.177139,0.0492435,0,-0.374398
0.175558,0.0490639,0,-0.37259
0.173986,0.0488839,0,-0.370771
0.172425,0.0487034,0,-0.368942
0.170873,0.0485225,0,-0.367099
0.169331,0.0483412,0,-0.365245
0.167799,0.0481595,0,-0.363375
0.166277,0.0479774,0,-0.36149
0.164764,0.0477949,0,-0.359587
0.16326,0.0476119,0,-0.357667
0.161766,0.0474286,0,-0.355728
0.160281,0.0472448,0,-0.353775
0.158806,0.0470607,0,-0.351809
0.157339,0.0468762,0,-0.349832
0.155882,0.0466913,0,-0.34784
0.154434,0.0465061,0,-0.345834
0.152994,0.0463205,0,-0.343816
0.151563,0.0461345,0,-0.341789
0.150142,0.0459482,0,-0.339751
0.148728,0.0457615,0,-0.337708
0.147324,0.0455745,0,-0.335657
0.145928,0.0453871,0,-0.333604
0.14454,0.0451995,0,-0.331544
0.143161,0.0450115,0,-0.329479
0.14179,0.0448231,0,-0.327404
0.140427,0.0446345,0,-0.325321
0.139073,0.0444455,0,-0.323227
0.137726,0.0442562,0,-0.321127
0.136388,0.0440666,0,-0.319017
0.135058,0.0438767,0,-0.3169
0.133735,0.0436864,0,-0.314775
0.13242,0.0434959,0,-0.312644
0.131113,0.043305,0,-0.310505
0.129814,0.0431138,0,-0.308364
0.128522,0.0429224,0,-0.306218
0.127238,0.0427306,0,-0.304068
0.125961,0.0425385,0,-0.301912
0.124692,0.0423461,0,-0.29975
0.12343,0.0421534,0,-0.297579
0.122175,0.0419604,0,-0.295399
0.120927,0.041767,0,-0.293209
0.119687,0.0415734,0,-0.291011
0.118454,0.0413794,0,-0.288803
0.117227,0.0411851,0,-0.286588
0.116008,0.0409905,0,-0.284365
0.114795,0.0407956,0,-0.282142
0.11359,0.0406004,0,-0.279914
0.112391,0.0404048,0,-0.277684
0.111198,0.0402089,0,-0.275448
0.110013,0.0400127,0,-0.273206
0.108833,0.0398161,0,-0.270951
0.107661,0.0396192,0,-0.268686
0.106494,0.0394219,0,-0.266404
0.105335,0.0392243,0,-0.264109
0.104181,0.0390263,0,-0.261795
0.103034,0.0388279,0,-0.259469
0.101893,0.0386292,0,-0.257124
0.100758,0.0384301,0,-0.254767
0.0996288,0.0382306,0,-0.252393
0.098506,0.0380307,0,-0.25001
0.097389,0.0378304,0,-0.247613
0.096278,0.0376296,0,-0.245206
0.0951729,0.0374285,0,-0.24278
0.0940735,0.037227,0,-0.240338
0.0929798,0.037025,0,-0.237875
0.0918918,0.0368225,0,-0.235393
0.0908094,0.0366197,0,-0.23289
0.0897326,0.0364163,0,-0.230368
0.0886613,0.0362125,0,-0.227824
0.0875954,0.0360082,0,-0.225262
0.0865349,0.0358035,0,-0.22268
0.0854798,0.0355982,0,-0.220084
0.08443,0.0353925,0,-0.217476
0.0833853,0.0351862,0,-0.214861
0.0823459,0.0349794,0,-0.21223
0.0813116,0.0347721,0,-0.209581
0.0802823,0.0345643,0,-0.206908
0.0792581,0.0343558,0,-0.204212
0.0782389,0.0341468,0,-0.201488
0.0772245,0.0339372,0,-0.198738
0.0762151,0.033727,0,-0.195957
0.0752104,0.0335162,0,-0.193149
0.0742106,0.0333047,0,-0.190312
0.0732154,0.0330926,0,-0.187452
0.0722249,0.0328798,0,-0.184567
0.0712391,0.0326664,0,-0.181667
0.0702578,0.0324523,0,-0.178749
0.069281,0.0322375,0,-0.175811
0.0683087,0.0320219,0,-0.17284
0.0673408,0.0318056,0,-0.16984
0.0663773,0.0315885,0,-0.166797
0.0654182,0.0313706,0,-0.163717
0.0644634,0.0311519,0,-0.160591
0.0635128,0.0309324,0,-0.157428
0.0625664,0.030712,0,-0.154218
0.0616241,0.0304908,0,-0.150972
0.060686,0.0302686,0,-0.147683
0.0597519,0.0300455,0,-0.144365
0.0588219,0.0298215,0,-0.14102
0.0578958,0.0295966,0,-0.137651
0.0569737,0.0293706,0,-0.134243
0.0560555,0.0291437,0,-0.130793
0.0551412,0.0289157,0,-0.12729
0.0542306,0.0286866,0,-0.123736
0.0533239,0.0284564,0,-0.120121
0.0524209,0.028225,0,-0.116453
0.0515216,0.0279925,0,-0.112724
0.0506259,0.0277588,0,-0.108945
0.0497339,0.0275238,0,-0.105111
0.0488455,0.0272876,0,-0.101242
0.0479607,0.02705,0,-0.0973495
0.0470793,0.0268112,0,-0.093439
0.0462015,0.026571,0,-0.089482
0.0453271,0.0263293,0,-0.0854687
0.0444561,0.0260862,0,-0.0813783
0.0435885,0.0258415,0,-0.0772089
0.0427244,0.0255953,0,-0.0729466
0.0418635,0.0253474,0,-0.0685977
0.041006,0.0250977,0,-0.0641536
0.0401517,0.0248464,0,-0.0596252
0.0393008,0.0245932,0,-0.0550163
0.038453,0.0243382,0,-0.0503711
0.0376085,0.0240813,0,-0.045702
0.0367672,0.0238224,0,-0.0409843
0.0359291,0.0235614,0,-0.0361642
0.0350942,0.0232983,0,-0.0312176
0.0342624,0.0230328,0,-0.0261079
0.0334338,0.022765,0,-0.0208271
0.0326084,0.0224947,0,-0.0153519
0.0317862,0.0222218,0,-0.00968464
0.0309671,0.0219462,0,-0.00381137
0.0301512,0.0216678,0,0.00223823
0.0293385,0.0213866,0,0.00842508
0.0285289,0.0211023,0,0.0147392
0.0277226,0.020815,0,0.021261
0.0269195,0.0205244,0,0.0280412
0.0261196,0.0202303,0,0.0351392
0.0253231,0.0199326,0,0.0425765
0.0245299,0.0196311,0,0.0503868
0.0237401,0.0193256,0,0.0585714
0.0229537,0.019016,0,0.0671415
0.0221708,0.0187022,0,0.0760127
0.0213914,0.018384,0,0.085097
0.0206156,0.0180611,0,0.0944443
0.0198436,0.0177333,0,0.104248
0.0190754,0.0174003,0,0.114625
0.0183112,0.0170616,0,0.125698
0.0175512,0.0167171,0,0.137521
0.0167955,0.0163663,0,0.150174
0.0160444,0.016009,0,0.163637
0.0152979,0.0156449,0,0.177795
0.0145563,0.0152737,0,0.192574
0.0138199,0.0148949,0,0.208241
0.0130889,0.014508,0,0.225054
0.0123639,0.0141124,0,0.243237
0.0116452,0.0137075,0,0.262913
0.0109333,0.0132928,0,0.284206
0.0102286,0.0128678,0,0.306955
0.00953152,0.012432,0,0.330918
0.00884279,0.0119848,0,0.356304
0.00816329,0.0115252,0,0.383801
0.00749407,0.0110521,0,0.413806
0.00683627,0.0105645,0,0.446674
0.0061911,0.0100614,0,0.482451
0.00555984,0.00954194,0,0.52064
0.00494392,0.00900533,0,0.561328
0.00434557,0.00845005,0,0.605317
0.00376755,0.00787438,0,0.653228
0.00321289,0.00727683,0,0.705113
0.00268485,0.00665621,0,0.760265
0.00218691,0.0060117,0,0.817704
0.00172362,0.0053423,0,0.877032
0.00130111,0.00464682,0,0.937299
0.000926289,0.00392486,0,0.996364
0.00060661,0.00317712,0,1.05089
0.000349103,0.00240598,0,1.09587
0.000158708,0.00161573,0,1.12666
4.04813e-05,0.000811657,0,1.13965
2.45681e-10,7.00775e-11,0,1.13181
4.10564e-05,-0.000811628,0,1.10233
0.000159807,-0.00161563,0,1.05439
0.000350623,-0.00240577,0,0.99202
0.000608399,-0.00317683,0,0.919424
0.000928138,-0.00392454,0,0.842143
0.00130273,-0.00464662,0,0.765389
0.00172466,-0.00534244,0,0.691716
0.00218695,-0.00601253,0,0.622373
0.00268343,-0.00665815,0,0.557481
0.00320953,-0.0072804,0,0.496701
0.00376183,-0.00788011,0,0.44084
0.0043371,-0.0084585,0,0.390496
0.00493233,-0.00901709,0,0.34521
0.00554479,-0.00955759,0,0.30397
0.00617227,-0.0100815,0,0.265425
0.00681336,-0.0105897,0,0.229476
0.00746685,-0.0110831,0,0.196689
0.00813155,-0.0115624,0,0.167098
0.00880638,-0.0120288,0,0.140232
0.00949031,-0.0124831,0,0.115584
0.0101824,-0.0129265,0,0.0923161
0.0108821,-0.0133596,0,0.0701225
0.011589,-0.0137827,0,0.0492959
0.0123025,-0.0141965,0,0.0300799
0.0130223,-0.0146013,0,0.0123704
0.013748,-0.0149978,0,-0.00399253
0.0144791,-0.0153864,0,-0.0192789
0.0152154,-0.0157678,0,-0.033808
0.0159565,-0.0161424,0,-0.0479193
0.0167023,-0.0165103,0,-0.0615514
0.0174526,-0.016872,0,-0.0744911
0.0182073,-0.0172276,0,-0.0866575
0.0189663,-0.0175773,0,-0.0980976
0.0197293,-0.0179216,0,-0.108854
0.0204962,-0.0182605,0,-0.119027
0.021267,-0.0185945,0,-0.128719
0.0220416,-0.0189238,0,-0.138104
0.0228197,-0.0192485,0,-0.147259
0.0236015,-0.0195689,0,-0.156117
0.0243868,-0.019885,0,-0.164579
0.0251756,-0.020197,0,-0.17264
0.0259678,-0.0205051,0,-0.180301
0.0267635,-0.0208095,0,-0.1876
0.0275625,-0.0211101,0,-0.194561
0.0283649,-0.0214073,0,-0.201248
0.0291706,-0.0217012,0,-0.207721
0.0299795,-0.0219919,0,-0.214074
0.0307918,-0.0222796,0,-0.220319
0.0316073,-0.0225642,0,-0.226403
0.032426,-0.022846,0,-0.232272
0.0332481,-0.0231249,0,-0.237924
0.0340734,-0.0234011,0,-0.243354
0.034902,-0.0236746,0,-0.248579
0.0357339,-0.0239456,0,-0.253604
0.036569,-0.0242141,0,-0.258457
0.0374075,-0.0244802,0,-0.263161
0.0382492,-0.024744,0,-0.267762
0.0390943,-0.0250056,0,-0.272288
0.0399427,-0.0252651,0,-0.276741
0.0407945,-0.0255224,0,-0.281078
0.0416496,-0.0257777,0,-0.285288
0.0425082,-0.0260309,0,-0.289359
0.0433702,-0.0262822,0,-0.293299
0.0442356,-0.0265317,0,-0.297103
0.0451045,-0.0267792,0,-0.300785
0.0459769,-0.027025,0,-0.304346
0.0468528,-0.027269,0,-0.307808
0.0477323,-0.0275114,0,-0.311182
0.0486154,-0.0277521,0,-0.314496
0.0495021,-0.0279913,0,-0.317758
0.0503924,-0.0282289,0,-0.320959
0.0512864,-0.028465,0,-0.324077
0.0521841,-0.0286996,0,-0.327111
0.0530856,-0.0289328,0,-0.330053
0.0539908,-0.0291646,0,-0.332911
0.0548999,-0.029395,0,-0.335683
0.0558128,-0.0296241,0,-0.338381
0.0567297,-0.0298519,0,-0.341006
0.0576504,-0.0300784,0,-0.343576
0.0585751,-0.0303038,0,-0.346096
0.0595038,-0.0305279,0,-0.348588
0.0604366,-0.030751,0,-0.351056
0.0613734,-0.0309729,0,-0.353498
0.0623144,-0.0311937,0,-0.355895
0.0632595,-0.0314134,0,-0.358249
0.0642089,-0.0316321,0,-0.360553
0.0651625,-0.0318497,0,-0.362811
0.0661204,-0.0320664,0,-0.365017
0.0670826,-0.0322821,0,-0.367176
0.0680492,-0.0324968,0,-0.369289
0.0690203,-0.0327106,0,-0.371359
0.0699958,-0.0329235,0,-0.373395
0.0709758,-0.0331355,0,-0.375402
0.0719604,-0.0333467,0,-0.377396
0.0729496,-0.033557,0,-0.379375
0.0739435,-0.0337666,0,-0.381334
0.0749421,-0.0339753,0,-0.383268
0.0759454,-0.0341833,0,-0.385176
0.0769535,-0.0343904,0,-0.387051
0.0779665,-0.0345969,0,-0.388895
0.0789844,-0.0348026,0,-0.390705
0.0800072,-0.0350075,0,-0.392487
0.0810351,-0.0352118,0,-0.394241
0.0820679,-0.0354154,0,-0.395973
0.0831059,-0.0356183,0,-0.397683
0.084149,-0.0358206,0,-0.399379
0.0851974,-0.0360223,0,-0.401064
0.086251,-0.0362233,0,-0.402746
0.0873099,-0.0364237,0,-0.404418
0.0883741,-0.0366236,0,-0.406078
0.0894438,-0.0368228,0,-0.40772
0.0905189,-0.0370215,0,-0.409348
0.0915995,-0.0372196,0,-0.410959
0.0926858,-0.0374172,0,-0.412555
0.0937776,-0.0376143,0,-0.414138
0.0948752,-0.0378108,0,-0.415712
0.0959785,-0.0380068,0,-0.417278
0.0970875,-0.0382023,0,-0.418844
0.0982025,-0.0383973,0,-0.420411
0.0993233,-0.0385918,0,-0.42199
0.10045,-0.0387859,0,-0.423579
0.101583,-0.0389796,0,-0.425174
0.102722,-0.0391727,0,-0.426768
0.103867,-0.0393654,0,-0.42836
0.105018,-0.0395577,0,-0.429946
0.106176,-0.0397495,0,-0.431527
0.107339,-0.0399409,0,-0.4331
0.10851,-0.0401318,0,-0.434666
0.109686,-0.0403223,0,-0.436225
0.110869,-0.0405124,0,-0.437777
0.112059,-0.0407021,0,-0.439326
0.113256,-0.0408913,0,-0.440872
0.114459,-0.0410801,0,-0.442423
0.115668,-0.0412685,0,-0.443977
0.116885,-0.0414565,0,-0.445528
0.118108,-0.0416441,0,-0.447071
0.119339,-0.0418313,0,-0.448611
0.120576,-0.0420181,0,-0.450143
0.121821,-0.0422045,0,-0.451667
0.123072,-0.0423904,0,-0.453179
0.124331,-0.042576,0,-0.454679
0.125597,-0.0427611,0,-0.456166
0.12687,-0.0429458,0,-0.457642
0.128151,-0.0431301,0,-0.459106
0.12944,-0.043314,0,-0.460562
0.130735,-0.0434975,0,-0.462007
0.132039,-0.0436806,0,-0.463442
0.13335,-0.0438632,0,-0.464863
0.134669,-0.0440455,0,-0.466273
0.135995,-0.0442274,0,-0.467671
0.13733,-0.0444088,0,-0.469059
0.138672,-0.0445898,0,-0.470436
0.140023,-0.0447705,0,-0.471808
0.141381,-0.0449507,0,-0.473173
0.142748,-0.0451306,0,-0.474537
0.144123,-0.04531,0,-0.475901
0.145506,-0.045489,0,-0.47727
0.146898,-0.0456677,0,-0.478646
0.148298,-0.0458459,0,-0.480033
0.149706,-0.0460238,0,-0.481429
0.151123,-0.0462013,0,-0.482831
0.152549,-0.0463783,0,-0.484235
0.153984,-0.0465549,0,-0.48564
0.155427,-0.0467311,0,-0.487051
0.156879,-0.0469069,0,-0.488467
0.158341,-0.0470823,0,-0.489891
0.159811,-0.0472572,0,-0.491315
0.16129,-0.0474318,0,-0.49274
0.162779,-0.0476058,0,-0.494169
0.164277,-0.0477794,0,-0.49561
0.165784,-0.0479526,0,-0.497062
0.167301,-0.0481254,0,-0.498523
0.168827,-0.0482976,0,-0.499986
0.170363,-0.0484694,0,-0.501453
0.171908,-0.0486407,0,-0.502921
0.173464,-0.0488116,0,-0.504393
0.175029,-0.0489819,0,-0.505866
0.176604,-0.0491517,0,-0.507345
0.178189,-0.049321,0,-0.508829
0.179784,-0.0494898,0,-0.510323
0.181389,-0.0496581,0,-0.511827
0.183005,-0.0498259,0,-0.513345
0.184631,-0.049993,0,-0.514876
0.186267,-0.0501597,0,-0.516422
0.187914,-0.0503257,0,-0.517976
0.189571,-0.0504912,0,-0.519537
0.191239,-0.0506561,0,-0.521101
0.192918,-0.0508204,0,-0.522671
0.194608,-0.050984,0,-0.524246
0.196309,-0.051147,0,-0.525827
0.198021,-0.0513094,0,-0.527412
0.199744,-0.0514711,0,-0.529002
0.201478,-0.0516321,0,-0.530594
0.203224,-0.0517924,0,-0.532188
0.20498,-0.051952,0,-0.533784
0.206749,-0.0521109,0,-0.535382
0.208529,-0.052269,0,-0.536983
0.210321,-0.0524264,0,-0.538592
0.212124,-0.052583,0,-0.540217
0.21394,-0.0527389,0,-0.54186
0.215767,-0.052894,0,-0.543527
0.217607,-0.0530483,0,-0.545218
0.219458,-0.0532018,0,-0.546943
0.221322,-0.0533545,0,-0.548707
0.223198,-0.0535064,0,-0.550518
0.225087,-0.0536574,0,-0.552381
0.226988,-0.0538075,0,-0.554294
0.228902,-0.0539568,0,-0.556249
0.230829,-0.0541051,0,-0.558246
0.232769,-0.0542525,0,-0.560282
0.234721,-0.0543989,0,-0.562361
0.236687,-0.0545442,0,-0.564481
0.238666,-0.0546885,0,-0.566644
0.240658,-0.0548318,0,-0.568846
0.242664,-0.0549739,0,-0.571091
0.244683,-0.0551149,0,-0.573379
0.246715,-0.0552548,0,-0.575718
0.248762,-0.0553934,0,-0.578106
0.250822,-0.0555308,0,-0.580542
0.252896,-0.0556669,0,-0.583028
0.254984,-0.0558017,0,-0.585571
0.257086,-0.0559352,0,-0.588184
0.259203,-0.0560672,0,-0.590874
0.261334,-0.0561979,0,-0.593646
0.263479,-0.0563271,0,-0.596508
0.265639,-0.0564547,0,-0.599479
0.267814,-0.0565809,0,-0.602566
0.270003,-0.0567054,0,-0.605767
0.272208,-0.0568282,0,-0.609069
0.274427,-0.0569492,0,-0.612469
0.276662,-0.0570683,0,-0.615963
0.278912,-0.0571855,0,-0.619554
0.281177,-0.0573008,0,-0.623241
0.283458,-0.0574139,0,-0.627028
0.285755,-0.0575248,0,-0.630918
0.288067,-0.0576334,0,-0.634918
0.290395,-0.0577397,0,-0.639023
0.292739,-0.0578435,0,-0.643228
0.2951,-0.0579447,0,-0.647516
0.297477,-0.0580432,0,-0.651881
0.29987,-0.0581388,0,-0.656312
0.302279,-0.0582315,0,-0.660805
0.304706,-0.0583212,0,-0.665349
0.307149,-0.0584076,0,-0.669935
0.309609,-0.0584906,0,-0.674557
0.312086,-0.0585702,0,-0.679212
0.31458,-0.0586462,0,-0.683912
0.317091,-0.0587183,0,-0.688653
0.31962,-0.0587865,0,-0.693419
0.322166,-0.0588506,0,-0.698146
0.32473,-0.0589105,0,-0.70276
0.327312,-0.0589658,0,-0.707202
0.329912,-0.0590166,0,-0.711448
0.33253,-0.0590625,0,-0.71547
0.335166,-0.0591034,0,-0.719237
0.337821,-0.0591392,0,-0.722709
0.340493,-0.0591697,0,-0.725867
0.343185,-0.0591947,0,-0.728682
0.345895,-0.0592141,0,-0.731113
0.348624,-0.0592276,0,-0.733088
0.351372,-0.0592352,0,-0.734524
0.354139,-0.0592367,0,-0.735338
0.356925,-0.0592318,0,-0.735481
0.359731,-0.0592203,0,-0.734933
0.362556,-0.0592022,0,-0.73372
0.365401,-0.0591773,0,-0.731868
0.368266,-0.0591453,0,-0.729407
0.37115,-0.0591061,0,-0.726344
0.374055,-0.0590595,0,-0.722687
0.37698,-0.0590053,0,-0.718433
0.379925,-0.0589433,0,-0.713587
0.38289,-0.0588734,0,-0.708173
0.385876,-0.0587953,0,-0.702235
0.388883,-0.0587091,0,-0.695841
0.39191,-0.0586144,0,-0.689039
0.394959,-0.0585112,0,-0.681886
0.398029,-0.0583993,0,-0.674442
0.401119,-0.0582787,0,-0.666755
0.404232,-0.058149,0,-0.658813
0.407365,-0.0580102,0,-0.650586
0.410521,-0.0578622,0,-0.642068
0.413698,-0.0577048,0,-0.63331
0.416897,-0.057538,0,-0.624363
0.420118,-0.0573615,0,-0.615262
0.423362,-0.0571754,0,-0.606004
0.426627,-0.0569795,0,-0.596577
0.429915,-0.0567736,0,-0.586964
0.433226,-0.0565577,0,-0.57717
0.43656,-0.0563317,0,-0.56721
0.439917,-0.0560956,0,-0.557111
0.443296,-0.0558493,0,-0.546885
0.446699,-0.0555927,0,-0.536548
0.450125,-0.0553258,0,-0.526104
0.453575,-0.0550485,0,-0.515561
0.457049,-0.0547607,0,-0.504922
0.460546,-0.0544625,0,-0.494201
0.464068,-0.0541539,0,-0.483404
0.467613,-0.0538348,0,-0.472537
0.471183,-0.0535051,0,-0.461607
0.474778,-0.053165,0,-0.45062
0.478397,-0.0528144,0,-0.439589
0.482041,-0.0524533,0,-0.428531
0.485711,-0.0520818,0,-0.417455
0.489405,-0.0516999,0,-0.406363
0.493125,-0.0513076,0,-0.395261
0.49687,-0.050905,0,-0.384158
0.500642,-0.0504922,0,-0.373061
0.504439,-0.0500692,0,-0.361977
0.508263,-0.0496361,0,-0.350915
0.512113,-0.0491931,0,-0.339886
0.515989,-0.0487401,0,-0.328899
0.519893,-0.0482774,0,-0.317965
0.523823,-0.0478051,0,-0.307094
0.527781,-0.0473233,0,-0.296297
0.531766,-0.0468321,0,-0.285579
0.535779,-0.0463315,0,-0.274935
0.539819,-0.0458217,0,-0.26436
0.543888,-0.0453028,0,-0.253853
0.547985,-0.0447748,0,-0.243415
0.552111,-0.0442378,0,-0.233047
0.556265,-0.043692,0,-0.222751
0.560449,-0.0431375,0,-0.212526
0.564662,-0.0425744,0,-0.202376
0.568904,-0.0420027,0,-0.192299
0.573176,-0.0414228,0,-0.182302
0.577478,-0.0408347,0,-0.172383
0.58181,-0.0402385,0,-0.162546
0.586172,-0.0396343,0,-0.152779
0.590566,-0.0390222,0,-0.143081
0.59499,-0.0384024,0,-0.133452
0.599445,-0.037775,0,-0.123894
0.603932,-0.0371402,0,-0.114401
0.608451,-0.036498,0,-0.104977
0.613001,-0.0358486,0,-0.095614
0.617584,-0.0351922,0,-0.0863152
0.6222,-0.0345289,0,-0.0770753
0.626848,-0.0338588,0,-0.0678978
0.631529,-0.0331823,0,-0.0587768
0.636244,-0.0324993,0,-0.049715
0.640992,-0.0318102,0,-0.0407057
0.645774,-0.0311151,0,-0.0317533
0.65059,-0.0304142,0,-0.0228506
0.655441,-0.0297078,0,-0.0140054
0.660326,-0.0289961,0,-0.00521565
0.665247,-0.0282795,0,0.00350916
0.670203,-0.0275582,0,0.0121731
0.675195,-0.0268326,0,0.0207671
0.680222,-0.0261029,0,0.0292966
0.685287,-0.0253695,0,0.0377548
0.690387,-0.0246327,0,0.046146
0.695525,-0.0238929,0,0.0544651
0.7007,-0.0231504,0,0.0627132
0.705912,-0.0224058,0,0.0708876
0.711163,-0.0216593,0,0.0789833
0.716452,-0.0209115,0,0.0870043
0.721779,-0.0201628,0,0.0949403
0.727146,-0.0194137,0,0.102795
0.732552,-0.0186649,0,0.110553
0.737998,-0.0179169,0,0.118215
0.743484,-0.0171703,0,0.12577
0.74901,-0.0164258,0,0.133217
0.754577,-0.0156839,0,0.140544
0.760186,-0.0149454,0,0.147751
0.765836,-0.0142108,0,0.154826
0.771528,-0.0134807,0,0.161786
0.777262,-0.0127556,0,0.16863
0.783039,-0.0120361,0,0.175372
0.788859,-0.0113227,0,0.182009
0.794722,-0.010616,0,0.188555
0.800629,-0.00991657,0,0.195006
0.80658,-0.00922524,0,0.201378
0.812576,-0.00854286,0,0.207653
0.818616,-0.00787036,0,0.213835
0.824702,-0.00720872,0,0.219906
0.830834,-0.00655905,0,0.225875
0.837011,-0.00592249,0,0.231716
0.843235,-0.0053003,0,0.237439
0.849506,-0.00469389,0,0.243013
0.855825,-0.00410477,0,0.248439
0.862191,-0.00353448,0,0.253686
0.868605,-0.00298459,0,0.258759
0.875067,-0.00245677,0,0.263632
0.881579,-0.00195314,0,0.268307
0.88814,-0.00147611,0,0.27272
0.89475,-0.00102812,0,0.276844
0.90141,-0.000611578,0,0.280631
0.908121,-0.00022906,0,0.28407
0.914882,0.000116392,0,0.287098
0.921694,0.000421562,0,0.289661
0.928558,0.000683409,0,0.291658
0.935472,0.000898717,0,0.293102
0.942438,0.00106336,0,0.293787
0.949455,0.00117245,0,0.29371
0.956524,0.00122013,0,0.292375
0.963644,0.00120117,0,0.289799
0.970815,0.00111125,0,0.285201
0.978036,0.000947191,0,0.278648
0.985308,0.000707975,0,0.267391
0.992629,0.000392861,0,0.262465
