Points_0,Points_1,Points_2,Pressure_Coefficient
1,0,0,-0.525106
0.992739,0.00151925,0,-0.478731
0.985523,0.00298981,0,-0.499208
0.978353,0.00442412,0,-0.495615
0.971231,0.0058254,0,-0.502283
0.964156,0.00719657,0,-0.508413
0.957129,0.00853886,0,-0.515409
0.950149,0.00985441,0,-0.522453
0.943216,0.0111454,0,-0.529296
0.936331,0.0124123,0,-0.535808
0.929492,0.0136555,0,-0.541807
0.9227,0.0148758,0,-0.547274
0.915955,0.0160741,0,-0.552134
0.909257,0.0172512,0,-0.556418
0.902604,0.0184074,0,-0.560129
0.895997,0.0195429,0,-0.5633
0.889435,0.0206585,0,-0.565962
0.882919,0.0217549,0,-0.568173
0.876448,0.0228325,0,-0.569984
0.870022,0.0238914,0,-0.571438
0.86364,0.0249318,0,-0.572583
0.857303,0.0259541,0,-0.57345
0.851009,0.0269588,0,-0.574111
0.844759,0.0279463,0,-0.574567
0.838553,0.0289166,0,-0.574906
0.832389,0.0298701,0,-0.575092
0.826269,0.0308068,0,-0.575218
0.82019,0.0317268,0,-0.575243
0.814155,0.0326299,0,-0.575232
0.80816,0.0335165,0,-0.575168
0.802208,0.0343865,0,-0.575087
0.796297,0.0352404,0,-0.574992
0.790427,0.0360781,0,-0.574901
0.784597,0.0368999,0,-0.574817
0.778808,0.0377056,0,-0.57475
0.77306,0.0384955,0,-0.5747
0.767351,0.0392698,0,-0.574677
0.761682,0.0400286,0,-0.574679
0.756052,0.0407722,0,-0.574714
0.750462,0.0415009,0,-0.57478
0.74491,0.0422147,0,-0.574878
0.739397,0.0429137,0,-0.575006
0.733922,0.0435979,0,-0.57516
0.728485,0.0442674,0,-0.575343
0.723086,0.0449225,0,-0.575544
0.717725,0.0455634,0,-0.575779
0.712401,0.0461902,0,-0.57602
0.707114,0.0468031,0,-0.576304
0.701864,0.0474024,0,-0.576572
0.696651,0.0479881,0,-0.576897
0.691474,0.0485606,0,-0.577185
0.686333,0.0491198,0,-0.577531
0.681227,0.0496661,0,-0.577841
0.676158,0.0501994,0,-0.578186
0.671124,0.0507198,0,-0.578514
0.666124,0.0512276,0,-0.578859
0.66116,0.0517227,0,-0.579199
0.656231,0.0522054,0,-0.579553
0.651335,0.0526758,0,-0.57991
0.646474,0.053134,0,-0.580287
0.641647,0.0535801,0,-0.580673
0.636854,0.0540142,0,-0.581084
0.632094,0.0544364,0,-0.581509
0.627367,0.0548466,0,-0.581959
0.622674,0.055245,0,-0.582427
0.618013,0.0556315,0,-0.582915
0.613385,0.0560062,0,-0.583421
0.608789,0.0563692,0,-0.583947
0.604225,0.0567205,0,-0.584489
0.599693,0.0570602,0,-0.585052
0.595193,0.0573884,0,-0.585629
0.590724,0.057705,0,-0.586231
0.586286,0.0580102,0,-0.586842
0.58188,0.058304,0,-0.587485
0.577504,0.0585865,0,-0.588122
0.573159,0.0588577,0,-0.5888
0.568844,0.0591177,0,-0.589452
0.564559,0.0593668,0,-0.590141
0.560305,0.0596051,0,-0.5908
0.55608,0.0598328,0,-0.591472
0.551885,0.0600501,0,-0.592126
0.547719,0.0602572,0,-0.592776
0.543582,0.0604544,0,-0.593409
0.539475,0.0606418,0,-0.594031
0.535396,0.0608197,0,-0.594637
0.531346,0.0609883,0,-0.595232
0.527324,0.0611479,0,-0.59581
0.523331,0.0612986,0,-0.596378
0.519366,0.0614408,0,-0.596932
0.515429,0.0615746,0,-0.59748
0.511519,0.0617002,0,-0.598019
0.507637,0.0618179,0,-0.59856
0.503782,0.0619278,0,-0.599103
0.499954,0.0620302,0,-0.599658
0.496154,0.0621252,0,-0.600233
0.49238,0.0622132,0,-0.600828
0.488632,0.0622942,0,-0.601465
0.484912,0.0623685,0,-0.602118
0.481217,0.0624362,0,-0.602841
0.477548,0.0624977,0,-0.603553
0.473905,0.062553,0,-0.604359
0.470288,0.0626024,0,-0.60512
0.466697,0.0626459,0,-0.605973
0.46313,0.0626839,0,-0.606776
0.459589,0.0627164,0,-0.607639
0.456073,0.0627435,0,-0.60848
0.452581,0.0627656,0,-0.609356
0.449115,0.0627826,0,-0.610229
0.445672,0.0627948,0,-0.611127
0.442254,0.0628023,0,-0.612027
0.43886,0.0628052,0,-0.612941
0.43549,0.0628037,0,-0.613855
0.432143,0.0627979,0,-0.614765
0.42882,0.0627879,0,-0.615666
0.425521,0.0627738,0,-0.616545
0.422244,0.0627558,0,-0.617404
0.418991,0.0627339,0,-0.618241
0.415761,0.0627083,0,-0.619058
0.412553,0.0626791,0,-0.619864
0.409368,0.0626462,0,-0.620667
0.406205,0.0626099,0,-0.621466
0.403064,0.0625701,0,-0.622288
0.399946,0.0625271,0,-0.623101
0.396849,0.0624807,0,-0.623968
0.393774,0.0624312,0,-0.624801
0.390721,0.0623785,0,-0.625722
0.387689,0.0623228,0,-0.626576
0.384678,0.062264,0,-0.62753
0.381689,0.0622023,0,-0.62842
0.37872,0.0621377,0,-0.629385
0.375772,0.0620703,0,-0.630328
0.372845,0.062,0,-0.631323
0.369938,0.0619271,0,-0.632324
0.367052,0.0618515,0,-0.633365
0.364185,0.0617733,0,-0.634419
0.361339,0.0616925,0,-0.635489
0.358513,0.0616092,0,-0.636563
0.355706,0.0615235,0,-0.637637
0.352919,0.0614354,0,-0.638703
0.350151,0.0613449,0,-0.639764
0.347403,0.0612522,0,-0.640812
0.344674,0.0611572,0,-0.641856
0.341963,0.06106,0,-0.64289
0.339272,0.0609606,0,-0.643922
0.336599,0.0608592,0,-0.644951
0.333945,0.0607556,0,-0.645977
0.33131,0.0606501,0,-0.647006
0.328692,0.0605425,0,-0.648044
0.326093,0.060433,0,-0.649085
0.323512,0.0603216,0,-0.650148
0.320949,0.0602084,0,-0.651207
0.318403,0.0600934,0,-0.652314
0.315875,0.0599766,0,-0.653396
0.313365,0.059858,0,-0.65455
0.310871,0.0597378,0,-0.65567
0.308396,0.059616,0,-0.656838
0.305937,0.0594925,0,-0.657996
0.303495,0.0593675,0,-0.659179
0.30107,0.0592409,0,-0.660364
0.298661,0.0591129,0,-0.661571
0.29627,0.0589834,0,-0.662784
0.293894,0.0588525,0,-0.664018
0.291535,0.0587202,0,-0.665256
0.289192,0.0585866,0,-0.666509
0.286866,0.0584517,0,-0.66776
0.284555,0.0583155,0,-0.669015
0.28226,0.0581781,0,-0.670264
0.27998,0.0580395,0,-0.671509
0.277717,0.0578996,0,-0.672748
0.275468,0.0577586,0,-0.673988
0.273235,0.0576164,0,-0.675235
0.271018,0.0574731,0,-0.676499
0.268815,0.0573286,0,-0.677798
0.266627,0.057183,0,-0.67913
0.264455,0.0570364,0,-0.680528
0.262297,0.0568887,0,-0.681956
0.260153,0.0567399,0,-0.683481
0.258024,0.0565901,0,-0.684991
0.25591,0.0564393,0,-0.686624
0.25381,0.0562875,0,-0.688169
0.251724,0.0561347,0,-0.689834
0.249652,0.055981,0,-0.691376
0.247594,0.0558264,0,-0.692989
0.24555,0.0556708,0,-0.694519
0.24352,0.0555143,0,-0.696066
0.241503,0.055357,0,-0.697564
0.2395,0.0551988,0,-0.699049
0.237511,0.0550398,0,-0.700499
0.235534,0.05488,0,-0.701937
0.233571,0.0547193,0,-0.703346
0.231621,0.0545579,0,-0.704743
0.229684,0.0543957,0,-0.706118
0.22776,0.0542328,0,-0.707485
0.225849,0.0540692,0,-0.708849
0.22395,0.0539048,0,-0.710227
0.222064,0.0537398,0,-0.711633
0.220191,0.0535741,0,-0.713087
0.21833,0.0534077,0,-0.714601
0.216481,0.0532407,0,-0.716189
0.214645,0.053073,0,-0.717851
0.21282,0.0529047,0,-0.719581
0.211008,0.0527358,0,-0.721383
0.209207,0.0525663,0,-0.723205
0.207419,0.0523962,0,-0.725104
0.205642,0.0522255,0,-0.726954
0.203877,0.0520542,0,-0.728904
0.202123,0.0518823,0,-0.730728
0.200381,0.0517099,0,-0.732689
0.19865,0.051537,0,-0.734519
0.19693,0.0513635,0,-0.736485
0.195221,0.0511895,0,-0.738407
0.193524,0.0510149,0,-0.740434
0.191837,0.0508399,0,-0.742473
0.190162,0.0506644,0,-0.744586
0.188497,0.0504884,0,-0.746712
0.186843,0.0503119,0,-0.748875
0.1852,0.0501349,0,-0.751017
0.183567,0.0499575,0,-0.753151
0.181944,0.0497797,0,-0.755229
0.180332,0.0496014,0,-0.757263
0.178731,0.0494227,0,-0.759241
0.177139,0.0492435,0,-0.761185
0.175558,0.0490639,0,-0.763114
0.173986,0.0488839,0,-0.765061
0.172425,0.0487034,0,-0.767034
0.170873,0.0485225,0,-0.76907
0.169331,0.0483412,0,-0.771179
0.167799,0.0481595,0,-0.773389
0.166277,0.0479774,0,-0.775723
0.164764,0.0477949,0,-0.778194
0.16326,0.0476119,0,-0.780822
0.161766,0.0474286,0,-0.783596
0.160281,0.0472448,0,-0.786512
0.158806,0.0470607,0,-0.789537
0.157339,0.0468762,0,-0.792623
0.155882,0.0466913,0,-0.795747
0.154434,0.0465061,0,-0.798791
0.152994,0.0463205,0,-0.801804
0.151563,0.0461345,0,-0.804631
0.150142,0.0459482,0,-0.807401
0.148728,0.0457615,0,-0.81006
0.147324,0.0455745,0,-0.812685
0.145928,0.0453871,0,-0.815282
0.14454,0.0451995,0,-0.817905
0.143161,0.0450115,0,-0.820553
0.14179,0.0448231,0,-0.823269
0.140427,0.0446345,0,-0.826021
0.139073,0.0444455,0,-0.828838
0.137726,0.0442562,0,-0.831661
0.136388,0.0440666,0,-0.834517
0.135058,0.0438767,0,-0.837347
0.133735,0.0436864,0,-0.840193
0.13242,0.0434959,0,-0.843024
0.131113,0.043305,0,-0.845895
0.129814,0.0431138,0,-0.848821
0.128522,0.0429224,0,-0.85184
0.127238,0.0427306,0,-0.854958
0.125961,0.0425385,0,-0.858198
0.124692,0.0423461,0,-0.861559
0.12343,0.0421534,0,-0.865051
0.122175,0.0419604,0,-0.86866
0.120927,0.041767,0,-0.872374
0.119687,0.0415734,0,-0.876175
0.118454,0.0413794,0,-0.879984
0.117227,0.0411851,0,-0.883754
0.116008,0.0409905,0,-0.88735
0.114795,0.0407956,0,-0.890695
0.11359,0.0406004,0,-0.893697
0.112391,0.0404048,0,-0.896279
0.111198,0.0402089,0,-0.898534
0.110013,0.0400127,0,-0.900394
0.108833,0.0398161,0,-0.902167
0.107661,0.0396192,0,-0.903801
0.106494,0.0394219,0,-0.905512
0.105335,0.0392243,0,-0.907293
0.104181,0.0390263,0,-0.909253
0.103034,0.0388279,0,-0.911378
0.101893,0.0386292,0,-0.913711
0.100758,0.0384301,0,-0.916226
0.0996288,0.0382306,0,-0.91895
0.098506,0.0380307,0,-0.921856
0.097389,0.0378304,0,-0.92493
0.096278,0.0376296,0,-0.928137
0.0951729,0.0374285,0,-0.931422
0.0940735,0.037227,0,-0.934754
0.0929798,0.037025,0,-0.938069
0.0918918,0.0368225,0,-0.941362
0.0908094,0.0366197,0,-0.94459
0.0897326,0.0364163,0,-0.947785
0.0886613,0.0362125,0,-0.950932
0.0875954,0.0360082,0,-0.954088
0.0865349,0.0358035,0,-0.957248
0.0854798,0.0355982,0,-0.960462
0.08443,0.0353925,0,-0.963714
0.0833853,0.0351862,0,-0.967035
0.0823459,0.0349794,0,-0.970404
0.0813116,0.0347721,0,-0.973843
0.0802823,0.0345643,0,-0.977332
0.0792581,0.0343558,0,-0.980888
0.0782389,0.0341468,0,-0.984484
0.0772245,0.0339372,0,-0.988125
0.0762151,0.033727,0,-0.991784
0.0752104,0.0335162,0,-0.995471
0.0742106,0.0333047,0,-0.999186
0.0732154,0.0330926,0,-1.00296
0.0722249,0.0328798,0,-1.00678
0.0712391,0.0326664,0,-1.01067
0.0702578,0.0324523,0,-1.0146
0.069281,0.0322375,0,-1.01858
0.0683087,0.0320219,0,-1.02264
0.0673408,0.0318056,0,-1.02681
0.0663773,0.0315885,0,-1.03107
0.0654182,0.0313706,0,-1.03544
0.0644634,0.0311519,0,-1.03985
0.0635128,0.0309324,0,-1.04435
0.0625664,0.030712,0,-1.04895
0.0616241,0.0304908,0,-1.05365
0.060686,0.0302686,0,-1.05841
0.0597519,0.0300455,0,-1.06319
0.0588219,0.0298215,0,-1.06799
0.0578958,0.0295966,0,-1.07284
0.0569737,0.0293706,0,-1.0777
0.0560555,0.0291437,0,-1.08259
0.0551412,0.0289157,0,-1.08759
0.0542306,0.0286866,0,-1.09276
0.0533239,0.0284564,0,-1.09816
0.0524209,0.028225,0,-1.1039
0.0515216,0.0279925,0,-1.11015
0.0506259,0.0277588,0,-1.11693
0.0497339,0.0275238,0,-1.12445
0.0488455,0.0272876,0,-1.13293
0.0479607,0.02705,0,-1.14277
0.0470793,0.0268112,0,-1.15453
0.0462015,0.026571,0,-1.16905
0.0453271,0.0263293,0,-1.18772
0.0444561,0.0260862,0,-1.21294
0.0435885,0.0258415,0,-1.24992
0.0427244,0.0255953,0,-1.31096
0.0418635,0.0253474,0,-1.42085
0.041006,0.0250977,0,-1.58011
0.0401517,0.0248464,0,-1.7126
0.0393008,0.0245932,0,-1.77584
0.038453,0.0243382,0,-1.7961
0.0376085,0.0240813,0,-1.80099
0.0367672,0.0238224,0,-1.80199
0.0359291,0.0235614,0,-1.80258
0.0350942,0.0232983,0,-1.80327
0.0342624,0.0230328,0,-1.80392
0.0334338,0.022765,0,-1.80441
0.0326084,0.0224947,0,-1.80466
0.0317862,0.0222218,0,-1.80461
0.0309671,0.0219462,0,-1.80425
0.0301512,0.0216678,0,-1.8036
0.0293385,0.0213866,0,-1.80274
0.0285289,0.0211023,0,-1.80173
0.0277226,0.020815,0,-1.80065
0.0269195,0.0205244,0,-1.79964
0.0261196,0.0202303,0,-1.79885
0.0253231,0.0199326,0,-1.79837
0.0245299,0.0196311,0,-1.79817
0.0237401,0.0193256,0,-1.79816
0.0229537,0.019016,0,-1.79816
0.0221708,0.0187022,0,-1.798
0.0213914,0.018384,0,-1.79745
0.0206156,0.0180611,0,-1.79618
0.0198436,0.0177333,0,-1.7939
0.0190754,0.0174003,0,-1.79042
0.0183112,0.0170616,0,-1.78566
0.0175512,0.0167171,0,-1.77964
0.0167955,0.0163663,0,-1.77262
0.0160444,0.016009,0,-1.76502
0.0152979,0.0156449,0,-1.75736
0.0145563,0.0152737,0,-1.74985
0.0138199,0.0148949,0,-1.74227
0.0130889,0.014508,0,-1.7343
0.0123639,0.0141124,0,-1.72563
0.0116452,0.0137075,0,-1.71595
0.0109333,0.0132928,0,-1.70505
0.0102286,0.0128678,0,-1.69282
0.00953152,0.012432,0,-1.67901
0.00884279,0.0119848,0,-1.66286
0.00816329,0.0115252,0,-1.64366
0.00749407,0.0110521,0,-1.62133
0.00683627,0.0105645,0,-1.59602
0.0061911,0.0100614,0,-1.56795
0.00555984,0.00954194,0,-1.53696
0.00494392,0.00900533,0,-1.50146
0.00434557,0.00845005,0,-1.45909
0.00376755,0.00787438,0,-1.4087
0.00321289,0.00727683,0,-1.35025
0.00268485,0.00665621,0,-1.28391
0.00218691,0.0060117,0,-1.20806
0.00172362,0.0053423,0,-1.11802
0.00130111,0.00464682,0,-1.00885
0.000926289,0.00392486,0,-0.87744
0.00060661,0.00317712,0,-0.723579
0.000349103,0.00240598,0,-0.552897
0.000158708,0.00161573,0,-0.37201
4.04813e-05,0.000811657,0,-0.182004
2.45681e-10,7.00775e-11,0,0.0177136
4.10564e-05,-0.000811628,0,0.217094
0.000159807,-0.00161563,0,0.400475
0.000350623,-0.00240577,0,0.561175
0.000608399,-0.00317683,0,0.698849
0.000928138,-0.00392454,0,0.813502
0.00130273,-0.00464662,0,0.905408
0.00172466,-0.00534244,0,0.976887
0.00218695,-0.00601253,0,1.03081
0.00268343,-0.00665815,0,1.07052
0.00320953,-0.0072804,0,1.09905
0.00376183,-0.00788011,0,1.11876
0.0043371,-0.0084585,0,1.13137
0.00493233,-0.00901709,0,1.13842
0.00554479,-0.00955759,0,1.14114
0.00617227,-0.0100815,0,1.14042
0.00681336,-0.0105897,0,1.13716
0.00746685,-0.0110831,0,1.13177
0.00813155,-0.0115624,0,1.12497
0.00880638,-0.0120288,0,1.11688
0.00949031,-0.0124831,0,1.10808
0.0101824,-0.0129265,0,1.09848
0.0108821,-0.0133596,0,1.08849
0.011589,-0.0137827,0,1.07803
0.0123025,-0.0141965,0,1.06745
0.0130223,-0.0146013,0,1.05666
0.013748,-0.0149978,0,1.0459
0.0144791,-0.0153864,0,1.03507
0.0152154,-0.0157678,0,1.02433
0.0159565,-0.0161424,0,1.01355
0.0167023,-0.0165103,0,1.00289
0.0174526,-0.016872,0,0.992285
0.0182073,-0.0172276,0,0.981861
0.0189663,-0.0175773,0,0.971543
0.0197293,-0.0179216,0,0.961428
0.0204962,-0.0182605,0,0.951434
0.021267,-0.0185945,0,0.941638
0.0220416,-0.0189238,0,0.931944
0.0228197,-0.0192485,0,0.922411
0.0236015,-0.0195689,0,0.912989
0.0243868,-0.019885,0,0.90376
0.0251756,-0.020197,0,0.894662
0.0259678,-0.0205051,0,0.885757
0.0267635,-0.0208095,0,0.876986
0.0275625,-0.0211101,0,0.868397
0.0283649,-0.0214073,0,0.859929
0.0291706,-0.0217012,0,0.851622
0.0299795,-0.0219919,0,0.843404
0.0307918,-0.0222796,0,0.835317
0.0316073,-0.0225642,0,0.827328
0.032426,-0.022846,0,0.819489
0.0332481,-0.0231249,0,0.811754
0.0340734,-0.0234011,0,0.804166
0.034902,-0.0236746,0,0.79668
0.0357339,-0.0239456,0,0.789334
0.036569,-0.0242141,0,0.782081
0.0374075,-0.0244802,0,0.774954
0.0382492,-0.024744,0,0.767905
0.0390943,-0.0250056,0,0.760957
0.0399427,-0.0252651,0,0.754077
0.0407945,-0.0255224,0,0.747306
0.0416496,-0.0257777,0,0.740614
0.0425082,-0.0260309,0,0.734031
0.0433702,-0.0262822,0,0.727526
0.0442356,-0.0265317,0,0.721127
0.0451045,-0.0267792,0,0.714801
0.0459769,-0.027025,0,0.708576
0.0468528,-0.027269,0,0.702415
0.0477323,-0.0275114,0,0.696345
0.0486154,-0.0277521,0,0.690327
0.0495021,-0.0279913,0,0.684385
0.0503924,-0.0282289,0,0.678495
0.0512864,-0.028465,0,0.672688
0.0521841,-0.0286996,0,0.666937
0.0530856,-0.0289328,0,0.661267
0.0539908,-0.0291646,0,0.655651
0.0548999,-0.029395,0,0.650114
0.0558128,-0.0296241,0,0.644627
0.0567297,-0.0298519,0,0.639214
0.0576504,-0.0300784,0,0.633845
0.0585751,-0.0303038,0,0.628541
0.0595038,-0.0305279,0,0.623271
0.0604366,-0.030751,0,0.618054
0.0613734,-0.0309729,0,0.61287
0.0623144,-0.0311937,0,0.607745
0.0632595,-0.0314134,0,0.602657
0.0642089,-0.0316321,0,0.597628
0.0651625,-0.0318497,0,0.592636
0.0661204,-0.0320664,0,0.587699
0.0670826,-0.0322821,0,0.582802
0.0680492,-0.0324968,0,0.577952
0.0690203,-0.0327106,0,0.573142
0.0699958,-0.0329235,0,0.568369
0.0709758,-0.0331355,0,0.563636
0.0719604,-0.0333467,0,0.558926
0.0729496,-0.033557,0,0.554251
0.0739435,-0.0337666,0,0.549601
0.0749421,-0.0339753,0,0.544991
0.0759454,-0.0341833,0,0.540408
0.0769535,-0.0343904,0,0.535864
0.0779665,-0.0345969,0,0.531347
0.0789844,-0.0348026,0,0.526869
0.0800072,-0.0350075,0,0.522417
0.0810351,-0.0352118,0,0.518001
0.0820679,-0.0354154,0,0.513608
0.0831059,-0.0356183,0,0.509247
0.084149,-0.0358206,0,0.504905
0.0851974,-0.0360223,0,0.500589
0.086251,-0.0362233,0,0.496287
0.0873099,-0.0364237,0,0.492013
0.0883741,-0.0366236,0,0.487756
0.0894438,-0.0368228,0,0.483528
0.0905189,-0.0370215,0,0.479316
0.0915995,-0.0372196,0,0.475132
0.0926858,-0.0374172,0,0.470963
0.0937776,-0.0376143,0,0.466821
0.0948752,-0.0378108,0,0.462691
0.0959785,-0.0380068,0,0.458585
0.0970875,-0.0382023,0,0.454488
0.0982025,-0.0383973,0,0.45041
0.0993233,-0.0385918,0,0.446334
0.10045,-0.0387859,0,0.442273
0.101583,-0.0389796,0,0.438216
0.102722,-0.0391727,0,0.434177
0.103867,-0.0393654,0,0.430146
0.105018,-0.0395577,0,0.426134
0.106176,-0.0397495,0,0.42213
0.107339,-0.0399409,0,0.418143
0.10851,-0.0401318,0,0.414167
0.109686,-0.0403223,0,0.410204
0.110869,-0.0405124,0,0.406254
0.112059,-0.0407021,0,0.402312
0.113256,-0.0408913,0,0.398382
0.114459,-0.0410801,0,0.394455
0.115668,-0.0412685,0,0.390538
0.116885,-0.0414565,0,0.386625
0.118108,-0.0416441,0,0.382725
0.119339,-0.0418313,0,0.378831
0.120576,-0.0420181,0,0.374951
0.121821,-0.0422045,0,0.371077
0.123072,-0.0423904,0,0.367217
0.124331,-0.042576,0,0.363364
0.125597,-0.0427611,0,0.359525
0.12687,-0.0429458,0,0.355692
0.128151,-0.0431301,0,0.351873
0.12944,-0.043314,0,0.348059
0.130735,-0.0434975,0,0.344259
0.132039,-0.0436806,0,0.340462
0.13335,-0.0438632,0,0.336679
0.134669,-0.0440455,0,0.332899
0.135995,-0.0442274,0,0.329131
0.13733,-0.0444088,0,0.325366
0.138672,-0.0445898,0,0.321612
0.140023,-0.0447705,0,0.31786
0.141381,-0.0449507,0,0.314117
0.142748,-0.0451306,0,0.310374
0.144123,-0.04531,0,0.306637
0.145506,-0.045489,0,0.302898
0.146898,-0.0456677,0,0.299161
0.148298,-0.0458459,0,0.295418
0.149706,-0.0460238,0,0.291676
0.151123,-0.0462013,0,0.287932
0.152549,-0.0463783,0,0.284188
0.153984,-0.0465549,0,0.280444
0.155427,-0.0467311,0,0.276699
0.156879,-0.0469069,0,0.272955
0.158341,-0.0470823,0,0.269207
0.159811,-0.0472572,0,0.26546
0.16129,-0.0474318,0,0.261707
0.162779,-0.0476058,0,0.257955
0.164277,-0.0477794,0,0.254196
0.165784,-0.0479526,0,0.250435
0.167301,-0.0481254,0,0.246666
0.168827,-0.0482976,0,0.242896
0.170363,-0.0484694,0,0.23912
0.171908,-0.0486407,0,0.235343
0.173464,-0.0488116,0,0.231559
0.175029,-0.0489819,0,0.227775
0.176604,-0.0491517,0,0.223982
0.178189,-0.049321,0,0.220188
0.179784,-0.0494898,0,0.216384
0.181389,-0.0496581,0,0.212578
0.183005,-0.0498259,0,0.20876
0.184631,-0.049993,0,0.204936
0.186267,-0.0501597,0,0.201099
0.187914,-0.0503257,0,0.197258
0.189571,-0.0504912,0,0.193407
0.191239,-0.0506561,0,0.189551
0.192918,-0.0508204,0,0.185685
0.194608,-0.050984,0,0.181814
0.196309,-0.051147,0,0.177935
0.198021,-0.0513094,0,0.174049
0.199744,-0.0514711,0,0.170157
0.201478,-0.0516321,0,0.166255
0.203224,-0.0517924,0,0.162348
0.20498,-0.051952,0,0.15843
0.206749,-0.0521109,0,0.154505
0.208529,-0.052269,0,0.150566
0.210321,-0.0524264,0,0.146618
0.212124,-0.052583,0,0.142653
0.21394,-0.0527389,0,0.138675
0.215767,-0.052894,0,0.134678
0.217607,-0.0530483,0,0.130664
0.219458,-0.0532018,0,0.126625
0.221322,-0.0533545,0,0.122564
0.223198,-0.0535064,0,0.11847
0.225087,-0.0536574,0,0.114347
0.226988,-0.0538075,0,0.110189
0.228902,-0.0539568,0,0.106007
0.230829,-0.0541051,0,0.101794
0.232769,-0.0542525,0,0.0975574
0.234721,-0.0543989,0,0.09329
0.236687,-0.0545442,0,0.0889987
0.238666,-0.0546885,0,0.0846764
0.240658,-0.0548318,0,0.0803284
0.242664,-0.0549739,0,0.0759487
0.244683,-0.0551149,0,0.0715406
0.246715,-0.0552548,0,0.0670999
0.248762,-0.0553934,0,0.0626273
0.250822,-0.0555308,0,0.0581218
0.252896,-0.0556669,0,0.0535784
0.254984,-0.0558017,0,0.0489996
0.257086,-0.0559352,0,0.0443761
0.259203,-0.0560672,0,0.0397107
0.261334,-0.0561979,0,0.034994
0.263479,-0.0563271,0,0.0302255
0.265639,-0.0564547,0,0.0253931
0.267814,-0.0565809,0,0.0204988
0.270003,-0.0567054,0,0.0155417
0.272208,-0.0568282,0,0.0105333
0.274427,-0.0569492,0,0.0054696
0.276662,-0.0570683,0,0.000357818
0.278912,-0.0571855,0,-0.00480766
0.281177,-0.0573008,0,-0.0100201
0.283458,-0.0574139,0,-0.0152867
0.285755,-0.0575248,0,-0.0206016
0.288067,-0.0576334,0,-0.0259738
0.290395,-0.0577397,0,-0.0313955
0.292739,-0.0578435,0,-0.0368687
0.2951,-0.0579447,0,-0.0423814
0.297477,-0.0580432,0,-0.0479378
0.29987,-0.0581388,0,-0.0535278
0.302279,-0.0582315,0,-0.0591556
0.304706,-0.0583212,0,-0.0648124
0.307149,-0.0584076,0,-0.0705006
0.309609,-0.0584906,0,-0.0762156
0.312086,-0.0585702,0,-0.0819551
0.31458,-0.0586462,0,-0.0877158
0.317091,-0.0587183,0,-0.0934851
0.31962,-0.0587865,0,-0.0992621
0.322166,-0.0588506,0,-0.105032
0.32473,-0.0589105,0,-0.110793
0.327312,-0.0589658,0,-0.116531
0.329912,-0.0590166,0,-0.122237
0.33253,-0.0590625,0,-0.127893
0.335166,-0.0591034,0,-0.133493
0.337821,-0.0591392,0,-0.139026
0.340493,-0.0591697,0,-0.144503
0.343185,-0.0591947,0,-0.149914
0.345895,-0.0592141,0,-0.15526
0.348624,-0.0592276,0,-0.160529
0.351372,-0.0592352,0,-0.165718
0.354139,-0.0592367,0,-0.170813
0.356925,-0.0592318,0,-0.175808
0.359731,-0.0592203,0,-0.180689
0.362556,-0.0592022,0,-0.185459
0.365401,-0.0591773,0,-0.190105
0.368266,-0.0591453,0,-0.194628
0.37115,-0.0591061,0,-0.199008
0.374055,-0.0590595,0,-0.203241
0.37698,-0.0590053,0,-0.207305
0.379925,-0.0589433,0,-0.211185
0.38289,-0.0588734,0,-0.214867
0.385876,-0.0587953,0,-0.218349
0.388883,-0.0587091,0,-0.221642
0.39191,-0.0586144,0,-0.224738
0.394959,-0.0585112,0,-0.227638
0.398029,-0.0583993,0,-0.230333
0.401119,-0.0582787,0,-0.232818
0.404232,-0.058149,0,-0.235076
0.407365,-0.0580102,0,-0.237104
0.410521,-0.0578622,0,-0.238899
0.413698,-0.0577048,0,-0.240471
0.416897,-0.057538,0,-0.241813
0.420118,-0.0573615,0,-0.242925
0.423362,-0.0571754,0,-0.243796
0.426627,-0.0569795,0,-0.244424
0.429915,-0.0567736,0,-0.244793
0.433226,-0.0565577,0,-0.244908
0.43656,-0.0563317,0,-0.244776
0.439917,-0.0560956,0,-0.24441
0.443296,-0.0558493,0,-0.243806
0.446699,-0.0555927,0,-0.242971
0.450125,-0.0553258,0,-0.2419
0.453575,-0.0550485,0,-0.240598
0.457049,-0.0547607,0,-0.239062
0.460546,-0.0544625,0,-0.237304
0.464068,-0.0541539,0,-0.235333
0.467613,-0.0538348,0,-0.233152
0.471183,-0.0535051,0,-0.230769
0.474778,-0.053165,0,-0.228184
0.478397,-0.0528144,0,-0.225405
0.482041,-0.0524533,0,-0.22244
0.485711,-0.0520818,0,-0.219299
0.489405,-0.0516999,0,-0.21599
0.493125,-0.0513076,0,-0.212523
0.49687,-0.050905,0,-0.208905
0.500642,-0.0504922,0,-0.205145
0.504439,-0.0500692,0,-0.201248
0.508263,-0.0496361,0,-0.197229
0.512113,-0.0491931,0,-0.193099
0.515989,-0.0487401,0,-0.188876
0.519893,-0.0482774,0,-0.184571
0.523823,-0.0478051,0,-0.180204
0.527781,-0.0473233,0,-0.175788
0.531766,-0.0468321,0,-0.171335
0.535779,-0.0463315,0,-0.166837
0.539819,-0.0458217,0,-0.162293
0.543888,-0.0453028,0,-0.157704
0.547985,-0.0447748,0,-0.153075
0.552111,-0.0442378,0,-0.148409
0.556265,-0.043692,0,-0.143714
0.560449,-0.0431375,0,-0.138989
0.564662,-0.0425744,0,-0.134244
0.568904,-0.0420027,0,-0.129482
0.573176,-0.0414228,0,-0.124711
0.577478,-0.0408347,0,-0.11994
0.58181,-0.0402385,0,-0.11517
0.586172,-0.0396343,0,-0.110397
0.590566,-0.0390222,0,-0.105616
0.59499,-0.0384024,0,-0.100831
0.599445,-0.037775,0,-0.096044
0.603932,-0.0371402,0,-0.091255
0.608451,-0.036498,0,-0.0864648
0.613001,-0.0358486,0,-0.0816722
0.617584,-0.0351922,0,-0.0768788
0.6222,-0.0345289,0,-0.0720848
0.626848,-0.0338588,0,-0.067293
0.631529,-0.0331823,0,-0.062502
0.636244,-0.0324993,0,-0.0577119
0.640992,-0.0318102,0,-0.05292
0.645774,-0.0311151,0,-0.0481277
0.65059,-0.0304142,0,-0.0433322
0.655441,-0.0297078,0,-0.0385401
0.660326,-0.0289961,0,-0.0337567
0.665247,-0.0282795,0,-0.0289909
0.670203,-0.0275582,0,-0.0242453
0.675195,-0.0268326,0,-0.0195281
0.680222,-0.0261029,0,-0.0148393
0.685287,-0.0253695,0,-0.0101843
0.690387,-0.0246327,0,-0.00556301
0.695525,-0.0238929,0,-0.000980862
0.7007,-0.0231504,0,0.00356043
0.705912,-0.0224058,0,0.00805425
0.711163,-0.0216593,0,0.0124953
0.716452,-0.0209115,0,0.0168809
0.721779,-0.0201628,0,0.0212024
0.727146,-0.0194137,0,0.0254519
0.732552,-0.0186649,0,0.0296117
0.737998,-0.0179169,0,0.0336731
0.743484,-0.0171703,0,0.0376202
0.74901,-0.0164258,0,0.041442
0.754577,-0.0156839,0,0.0451198
0.760186,-0.0149454,0,0.0486397
0.765836,-0.0142108,0,0.0519862
0.771528,-0.0134807,0,0.0551722
0.777262,-0.0127556,0,0.0582052
0.783039,-0.0120361,0,0.0610939
0.788859,-0.0113227,0,0.0638383
0.794722,-0.010616,0,0.0664486
0.800629,-0.00991657,0,0.0689279
0.80658,-0.00922524,0,0.0712844
0.812576,-0.00854286,0,0.073496
0.818616,-0.00787036,0,0.0755463
0.824702,-0.00720872,0,0.0774163
0.830834,-0.00655905,0,0.0790918
0.837011,-0.00592249,0,0.0805412
0.843235,-0.0053003,0,0.0817494
0.849506,-0.00469389,0,0.0826733
0.855825,-0.00410477,0,0.083272
0.862191,-0.00353448,0,0.0834993
0.868605,-0.00298459,0,0.0833256
0.875067,-0.00245677,0,0.082711
0.881579,-0.00195314,0,0.0815986
0.88814,-0.00147611,0,0.0798562
0.89475,-0.00102812,0,0.0773553
0.90141,-0.000611578,0,0.0739846
0.908121,-0.00022906,0,0.0696076
0.914882,0.000116392,0,0.0640746
0.921694,0.000421562,0,0.0570509
0.928558,0.000683409,0,0.0483613
0.935472,0.000898717,0,0.0375467
0.942438,0.00106336,0,0.024331
0.949455,0.00117245,0,0.00753439
0.956524,0.00122013,0,-0.013547
0.963644,0.00120117,0,-0.0415952
0.970815,0.00111125,0,-0.0781083
0.978036,0.000947191,0,-0.129118
0.985308,0.000707975,0,-0.20596
0.992629,0.000392861,0,-0.305193
