Points_0,Points_1,Points_2,Pressure_Coefficient
1,0,0,0.238738
0.992739,0.00151925,0,0.210434
0.985523,0.00298981,0,0.180202
0.978353,0.00442412,0,0.160051
0.971231,0.0058254,0,0.140762
0.964156,0.00719657,0,0.120866
0.957129,0.00853886,0,0.102539
0.950149,0.00985441,0,0.0847128
0.943216,0.0111454,0,0.0675987
0.936331,0.0124123,0,0.0510642
0.929492,0.0136555,0,0.0351449
0.9227,0.0148758,0,0.0197809
0.915955,0.0160741,0,0.004901
0.909257,0.0172512,0,-0.00953936
0.902604,0.0184074,0,-0.0235294
0.895997,0.0195429,0,-0.0370941
0.889435,0.0206585,0,-0.0503017
0.882919,0.0217549,0,-0.0632168
0.876448,0.0228325,0,-0.0758452
0.870022,0.0238914,0,-0.0881851
0.86364,0.0249318,0,-0.10025
0.857303,0.0259541,0,-0.112087
0.851009,0.0269588,0,-0.123731
0.844759,0.0279463,0,-0.135208
0.838553,0.0289166,0,-0.146533
0.832389,0.0298701,0,-0.157721
0.826269,0.0308068,0,-0.168767
0.82019,0.0317268,0,-0.179662
0.814155,0.0326299,0,-0.190392
0.80816,0.0335165,0,-0.200974
0.802208,0.0343865,0,-0.211419
0.796297,0.0352404,0,-0.22175
0.790427,0.0360781,0,-0.231967
0.784597,0.0368999,0,-0.242064
0.778808,0.0377056,0,-0.252023
0.77306,0.0384955,0,-0.261842
0.767351,0.0392698,0,-0.271538
0.761682,0.0400286,0,-0.281134
0.756052,0.0407722,0,-0.290654
0.750462,0.0415009,0,-0.300102
0.74491,0.0422147,0,-0.309467
0.739397,0.0429137,0,-0.318736
0.733922,0.0435979,0,-0.327894
0.728485,0.0442674,0,-0.336944
0.723086,0.0449225,0,-0.345897
0.717725,0.0455634,0,-0.354762
0.712401,0.0461902,0,-0.363548
0.707114,0.0468031,0,-0.372268
0.701864,0.0474024,0,-0.380933
0.696651,0.0479881,0,-0.38955
0.691474,0.0485606,0,-0.398126
0.686333,0.0491198,0,-0.406669
0.681227,0.0496661,0,-0.415176
0.676158,0.0501994,0,-0.423646
0.671124,0.0507198,0,-0.43208
0.666124,0.0512276,0,-0.440474
0.66116,0.0517227,0,-0.448837
0.656231,0.0522054,0,-0.457173
0.651335,0.0526758,0,-0.465499
0.646474,0.053134,0,-0.473828
0.641647,0.0535801,0,-0.482168
0.636854,0.0540142,0,-0.490501
0.632094,0.0544364,0,-0.498815
0.627367,0.0548466,0,-0.507095
0.622674,0.055245,0,-0.515332
0.618013,0.0556315,0,-0.523519
0.613385,0.0560062,0,-0.531653
0.608789,0.0563692,0,-0.539727
0.604225,0.0567205,0,-0.547728
0.599693,0.0570602,0,-0.555634
0.595193,0.0573884,0,-0.563429
0.590724,0.057705,0,-0.571107
0.586286,0.0580102,0,-0.578675
0.58188,0.058304,0,-0.586119
0.577504,0.0585865,0,-0.593393
0.573159,0.0588577,0,-0.600424
0.568844,0.0591177,0,-0.607165
0.564559,0.0593668,0,-0.613581
0.560305,0.0596051,0,-0.619625
0.55608,0.0598328,0,-0.625254
0.551885,0.0600501,0,-0.630436
0.547719,0.0602572,0,-0.635148
0.543582,0.0604544,0,-0.639403
0.539475,0.0606418,0,-0.643211
0.535396,0.0608197,0,-0.646581
0.531346,0.0609883,0,-0.649501
0.527324,0.0611479,0,-0.651943
0.523331,0.0612986,0,-0.653866
0.519366,0.0614408,0,-0.655245
0.515429,0.0615746,0,-0.656076
0.511519,0.0617002,0,-0.656407
0.507637,0.0618179,0,-0.656331
0.503782,0.0619278,0,-0.655992
0.499954,0.0620302,0,-0.655564
0.496154,0.0621252,0,-0.655258
0.49238,0.0622132,0,-0.65529
0.488632,0.0622942,0,-0.655867
0.484912,0.0623685,0,-0.657134
0.481217,0.0624362,0,-0.659136
0.477548,0.0624977,0,-0.661793
0.473905,0.062553,0,-0.664947
0.470288,0.0626024,0,-0.668409
0.466697,0.0626459,0,-0.67198
0.46313,0.0626839,0,-0.675461
0.459589,0.0627164,0,-0.678679
0.456073,0.0627435,0,-0.681505
0.452581,0.0627656,0,-0.683863
0.449115,0.0627826,0,-0.685724
0.445672,0.0627948,0,-0.687074
0.442254,0.0628023,0,-0.687914
0.43886,0.0628052,0,-0.688245
0.43549,0.0628037,0,-0.688097
0.432143,0.0627979,0,-0.687513
0.42882,0.0627879,0,-0.686562
0.425521,0.0627738,0,-0.685302
0.422244,0.0627558,0,-0.683778
0.418991,0.0627339,0,-0.682007
0.415761,0.0627083,0,-0.680012
0.412553,0.0626791,0,-0.677824
0.409368,0.0626462,0,-0.675493
0.406205,0.0626099,0,-0.673068
0.403064,0.0625701,0,-0.670599
0.399946,0.0625271,0,-0.668116
0.396849,0.0624807,0,-0.665645
0.393774,0.0624312,0,-0.663208
0.390721,0.0623785,0,-0.660843
0.387689,0.0623228,0,-0.658588
0.384678,0.062264,0,-0.656479
0.381689,0.0622023,0,-0.654532
0.37872,0.0621377,0,-0.652756
0.375772,0.0620703,0,-0.651145
0.372845,0.062,0,-0.649683
0.369938,0.0619271,0,-0.648352
0.367052,0.0618515,0,-0.647133
0.364185,0.0617733,0,-0.646021
0.361339,0.0616925,0,-0.645004
0.358513,0.0616092,0,-0.644072
0.355706,0.0615235,0,-0.643203
0.352919,0.0614354,0,-0.642377
0.350151,0.0613449,0,-0.64157
0.347403,0.0612522,0,-0.640776
0.344674,0.0611572,0,-0.639989
0.341963,0.06106,0,-0.63921
0.339272,0.0609606,0,-0.638434
0.336599,0.0608592,0,-0.637647
0.333945,0.0607556,0,-0.636831
0.33131,0.0606501,0,-0.63598
0.328692,0.0605425,0,-0.635099
0.326093,0.060433,0,-0.634194
0.323512,0.0603216,0,-0.633262
0.320949,0.0602084,0,-0.632289
0.318403,0.0600934,0,-0.631265
0.315875,0.0599766,0,-0.630202
0.313365,0.059858,0,-0.629108
0.310871,0.0597378,0,-0.62799
0.308396,0.059616,0,-0.626848
0.305937,0.0594925,0,-0.625688
0.303495,0.0593675,0,-0.624513
0.30107,0.0592409,0,-0.623332
0.298661,0.0591129,0,-0.622148
0.29627,0.0589834,0,-0.620967
0.293894,0.0588525,0,-0.619789
0.291535,0.0587202,0,-0.618623
0.289192,0.0585866,0,-0.617469
0.286866,0.0584517,0,-0.616334
0.284555,0.0583155,0,-0.615216
0.28226,0.0581781,0,-0.614109
0.27998,0.0580395,0,-0.613003
0.277717,0.0578996,0,-0.611895
0.275468,0.0577586,0,-0.610778
0.273235,0.0576164,0,-0.609651
0.271018,0.0574731,0,-0.608514
0.268815,0.0573286,0,-0.60737
0.266627,0.057183,0,-0.606221
0.264455,0.0570364,0,-0.605072
0.262297,0.0568887,0,-0.603919
0.260153,0.0567399,0,-0.602755
0.258024,0.0565901,0,-0.601568
0.25591,0.0564393,0,-0.600357
0.25381,0.0562875,0,-0.599131
0.251724,0.0561347,0,-0.597902
0.249652,0.055981,0,-0.596667
0.247594,0.0558264,0,-0.595425
0.24555,0.0556708,0,-0.594173
0.24352,0.0555143,0,-0.592914
0.241503,0.055357,0,-0.59165
0.2395,0.0551988,0,-0.590375
0.237511,0.0550398,0,-0.589091
0.235534,0.05488,0,-0.587793
0.233571,0.0547193,0,-0.586487
0.231621,0.0545579,0,-0.585172
0.229684,0.0543957,0,-0.583853
0.22776,0.0542328,0,-0.582529
0.225849,0.0540692,0,-0.581208
0.22395,0.0539048,0,-0.579893
0.222064,0.0537398,0,-0.57859
0.220191,0.0535741,0,-0.577296
0.21833,0.0534077,0,-0.576006
0.216481,0.0532407,0,-0.574712
0.214645,0.053073,0,-0.573417
0.21282,0.0529047,0,-0.572124
0.211008,0.0527358,0,-0.570836
0.209207,0.0525663,0,-0.569552
0.207419,0.0523962,0,-0.568265
0.205642,0.0522255,0,-0.566965
0.203877,0.0520542,0,-0.565644
0.202123,0.0518823,0,-0.564306
0.200381,0.0517099,0,-0.562958
0.19865,0.051537,0,-0.561604
0.19693,0.0513635,0,-0.560253
0.195221,0.0511895,0,-0.558904
0.193524,0.0510149,0,-0.557552
0.191837,0.0508399,0,-0.556194
0.190162,0.0506644,0,-0.554828
0.188497,0.0504884,0,-0.55346
0.186843,0.0503119,0,-0.552097
0.1852,0.0501349,0,-0.550741
0.183567,0.0499575,0,-0.549392
0.181944,0.0497797,0,-0.548051
0.180332,0.0496014,0,-0.546715
0.178731,0.0494227,0,-0.545382
0.177139,0.0492435,0,-0.544047
0.175558,0.0490639,0,-0.542703
0.173986,0.0488839,0,-0.541346
0.172425,0.0487034,0,-0.539975
0.170873,0.0485225,0,-0.538591
0.169331,0.0483412,0,-0.537195
0.167799,0.0481595,0,-0.535779
0.166277,0.0479774,0,-0.534343
0.164764,0.0477949,0,-0.532883
0.16326,0.0476119,0,-0.531402
0.161766,0.0474286,0,-0.529902
0.160281,0.0472448,0,-0.528393
0.158806,0.0470607,0,-0.526874
0.157339,0.0468762,0,-0.525342
0.155882,0.0466913,0,-0.523789
0.154434,0.0465061,0,-0.522219
0.152994,0.0463205,0,-0.520638
0.151563,0.0461345,0,-0.519051
0.150142,0.0459482,0,-0.517457
0.148728,0.0457615,0,-0.515861
0.147324,0.0455745,0,-0.51426
0.145928,0.0453871,0,-0.51266
0.14454,0.0451995,0,-0.511055
0.143161,0.0450115,0,-0.509446
0.14179,0.0448231,0,-0.507825
0.140427,0.0446345,0,-0.506198
0.139073,0.0444455,0,-0.504563
0.137726,0.0442562,0,-0.502925
0.136388,0.0440666,0,-0.501281
0.135058,0.0438767,0,-0.499635
0.133735,0.0436864,0,-0.497985
0.13242,0.0434959,0,-0.496332
0.131113,0.043305,0,-0.494674
0.129814,0.0431138,0,-0.493014
0.128522,0.0429224,0,-0.491352
0.127238,0.0427306,0,-0.489693
0.125961,0.0425385,0,-0.488034
0.124692,0.0423461,0,-0.486376
0.12343,0.0421534,0,-0.484713
0.122175,0.0419604,0,-0.483045
0.120927,0.041767,0,-0.481367
0.119687,0.0415734,0,-0.479685
0.118454,0.0413794,0,-0.477998
0.117227,0.0411851,0,-0.476314
0.116008,0.0409905,0,-0.474634
0.114795,0.0407956,0,-0.472956
0.11359,0.0406004,0,-0.471275
0.112391,0.0404048,0,-0.469595
0.111198,0.0402089,0,-0.467916
0.110013,0.0400127,0,-0.466237
0.108833,0.0398161,0,-0.464551
0.107661,0.0396192,0,-0.462855
0.106494,0.0394219,0,-0.461145
0.105335,0.0392243,0,-0.459426
0.104181,0.0390263,0,-0.457694
0.103034,0.0388279,0,-0.455952
0.101893,0.0386292,0,-0.454196
0.100758,0.0384301,0,-0.452431
0.0996288,0.0382306,0,-0.450654
0.098506,0.0380307,0,-0.448873
0.097389,0.0378304,0,-0.447085
0.096278,0.0376296,0,-0.44529
0.0951729,0.0374285,0,-0.443484
0.0940735,0.037227,0,-0.441666
0.0929798,0.037025,0,-0.439831
0.0918918,0.0368225,0,-0.437984
0.0908094,0.0366197,0,-0.436121
0.0897326,0.0364163,0,-0.434245
0.0886613,0.0362125,0,-0.432352
0.0875954,0.0360082,0,-0.430446
0.0865349,0.0358035,0,-0.428526
0.0854798,0.0355982,0,-0.426603
0.08443,0.0353925,0,-0.424678
0.0833853,0.0351862,0,-0.422754
0.0823459,0.0349794,0,-0.420821
0.0813116,0.0347721,0,-0.418876
0.0802823,0.0345643,0,-0.416917
0.0792581,0.0343558,0,-0.414943
0.0782389,0.0341468,0,-0.412948
0.0772245,0.0339372,0,-0.410932
0.0762151,0.033727,0,-0.408891
0.0752104,0.0335162,0,-0.406832
0.0742106,0.0333047,0,-0.404755
0.0732154,0.0330926,0,-0.402664
0.0722249,0.0328798,0,-0.400554
0.0712391,0.0326664,0,-0.398439
0.0702578,0.0324523,0,-0.39632
0.069281,0.0322375,0,-0.394191
0.0683087,0.0320219,0,-0.392042
0.0673408,0.0318056,0,-0.38987
0.0663773,0.0315885,0,-0.387664
0.0654182,0.0313706,0,-0.385426
0.0644634,0.0311519,0,-0.383152
0.0635128,0.0309324,0,-0.380849
0.0625664,0.030712,0,-0.378513
0.0616241,0.0304908,0,-0.376149
0.060686,0.0302686,0,-0.373753
0.0597519,0.0300455,0,-0.37134
0.0588219,0.0298215,0,-0.368919
0.0578958,0.0295966,0,-0.366492
0.0569737,0.0293706,0,-0.364042
0.0560555,0.0291437,0,-0.361566
0.0551412,0.0289157,0,-0.359049
0.0542306,0.0286866,0,-0.356493
0.0533239,0.0284564,0,-0.35389
0.0524209,0.028225,0,-0.351249
0.0515216,0.0279925,0,-0.348565
0.0506259,0.0277588,0,-0.345849
0.0497339,0.0275238,0,-0.343099
0.0488455,0.0272876,0,-0.340339
0.0479607,0.02705,0,-0.337588
0.0470793,0.0268112,0,-0.334851
0.0462015,0.026571,0,-0.332099
0.0453271,0.0263293,0,-0.329314
0.0444561,0.0260862,0,-0.326474
0.0435885,0.0258415,0,-0.323571
0.0427244,0.0255953,0,-0.320596
0.0418635,0.0253474,0,-0.317553
0.041006,0.0250977,0,-0.314437
0.0401517,0.0248464,0,-0.311263
0.0393008,0.0245932,0,-0.308047
0.038453,0.0243382,0,-0.304844
0.0376085,0.0240813,0,-0.301671
0.0367672,0.0238224,0,-0.298494
0.0359291,0.0235614,0,-0.295253
0.0350942,0.0232983,0,-0.291911
0.0342624,0.0230328,0,-0.28843
0.0334338,0.022765,0,-0.284795
0.0326084,0.0224947,0,-0.280984
0.0317862,0.0222218,0,-0.276996
0.0309671,0.0219462,0,-0.272826
0.0301512,0.0216678,0,-0.268517
0.0293385,0.0213866,0,-0.264126
0.0285289,0.0211023,0,-0.259659
0.0277226,0.020815,0,-0.255025
0.0269195,0.0205244,0,-0.250152
0.0261196,0.0202303,0,-0.244973
0.0253231,0.0199326,0,-0.239457
0.0245299,0.0196311,0,-0.233571
0.0237401,0.0193256,0,-0.227311
0.0229537,0.019016,0,-0.220689
0.0221708,0.0187022,0,-0.21383
0.0213914,0.018384,0,-0.206858
0.0206156,0.0180611,0,-0.199703
0.0198436,0.0177333,0,-0.192128
0.0190754,0.0174003,0,-0.18397
0.0183112,0.0170616,0,-0.175079
0.0175512,0.0167171,0,-0.165371
0.0167955,0.0163663,0,-0.154768
0.0160444,0.016009,0,-0.143325
0.0152979,0.0156449,0,-0.131229
0.0145563,0.0152737,0,-0.118565
0.0138199,0.0148949,0,-0.105003
0.0130889,0.014508,0,-0.0901896
0.0123639,0.0141124,0,-0.0738299
0.0116452,0.0137075,0,-0.0557397
0.0109333,0.0132928,0,-0.0358197
0.0102286,0.0128678,0,-0.014342
0.00953152,0.012432,0,0.00831799
0.00884279,0.0119848,0,0.0324708
0.00816329,0.0115252,0,0.0590441
0.00749407,0.0110521,0,0.0886766
0.00683627,0.0105645,0,0.121875
0.0061911,0.0100614,0,0.158653
0.00555984,0.00954194,0,0.198348
0.00494392,0.00900533,0,0.241127
0.00434557,0.00845005,0,0.288353
0.00376755,0.00787438,0,0.341262
0.00321289,0.00727683,0,0.400342
0.00268485,0.00665621,0,0.465002
0.00218691,0.0060117,0,0.534446
0.00172362,0.0053423,0,0.609072
0.00130111,0.00464682,0,0.689001
0.000926289,0.00392486,0,0.773161
0.00060661,0.00317712,0,0.859204
0.000349103,0.00240598,0,0.941838
0.000158708,0.00161573,0,1.01527
4.04813e-05,0.000811657,0,1.07517
2.45681e-10,7.00775e-11,0,1.11741
4.10564e-05,-0.000811628,0,1.13803
0.000159807,-0.00161563,0,1.13718
0.000350623,-0.00240577,0,1.1177
0.000608399,-0.00317683,0,1.08297
0.000928138,-0.00392454,0,1.03751
0.00130273,-0.00464662,0,0.986167
0.00172466,-0.00534244,0,0.932483
0.00218695,-0.00601253,0,0.878754
0.00268343,-0.00665815,0,0.826167
0.00320953,-0.0072804,0,0.775166
0.00376183,-0.00788011,0,0.726768
0.0043371,-0.0084585,0,0.681708
0.00493233,-0.00901709,0,0.639973
0.00554479,-0.00955759,0,0.601154
0.00617227,-0.0100815,0,0.564422
0.00681336,-0.0105897,0,0.5298
0.00746685,-0.0110831,0,0.497671
0.00813155,-0.0115624,0,0.46809
0.00880638,-0.0120288,0,0.440712
0.00949031,-0.0124831,0,0.415259
0.0101824,-0.0129265,0,0.391096
0.0108821,-0.0133596,0,0.368029
0.011589,-0.0137827,0,0.346233
0.0123025,-0.0141965,0,0.32587
0.0130223,-0.0146013,0,0.306821
0.013748,-0.0149978,0,0.288985
0.0144791,-0.0153864,0,0.27215
0.0152154,-0.0157678,0,0.25609
0.0159565,-0.0161424,0,0.240525
0.0167023,-0.0165103,0,0.22551
0.0174526,-0.016872,0,0.211183
0.0182073,-0.0172276,0,0.197589
0.0189663,-0.0175773,0,0.184671
0.0197293,-0.0179216,0,0.172407
0.0204962,-0.0182605,0,0.160707
0.021267,-0.0185945,0,0.149499
0.0220416,-0.0189238,0,0.138635
0.0228197,-0.0192485,0,0.128063
0.0236015,-0.0195689,0,0.117822
0.0243868,-0.019885,0,0.10799
0.0251756,-0.020197,0,0.0985486
0.0259678,-0.0205051,0,0.0895003
0.0267635,-0.0208095,0,0.0808085
0.0275625,-0.0211101,0,0.0724575
0.0283649,-0.0214073,0,0.0643896
0.0291706,-0.0217012,0,0.056563
0.0299795,-0.0219919,0,0.0488947
0.0307918,-0.0222796,0,0.04138
0.0316073,-0.0225642,0,0.0340548
0.032426,-0.022846,0,0.0269593
0.0332481,-0.0231249,0,0.0200827
0.0340734,-0.0234011,0,0.0134329
0.034902,-0.0236746,0,0.00699083
0.0357339,-0.0239456,0,0.000755956
0.036569,-0.0242141,0,-0.00530076
0.0374075,-0.0244802,0,-0.0111927
0.0382492,-0.024744,0,-0.0169613
0.0390943,-0.0250056,0,-0.022628
0.0399427,-0.0252651,0,-0.028198
0.0407945,-0.0255224,0,-0.0336339
0.0416496,-0.0257777,0,-0.038935
0.0425082,-0.0260309,0,-0.0440911
0.0433702,-0.0262822,0,-0.0491131
0.0442356,-0.0265317,0,-0.0539945
0.0451045,-0.0267792,0,-0.0587509
0.0459769,-0.027025,0,-0.0633809
0.0468528,-0.027269,0,-0.0679062
0.0477323,-0.0275114,0,-0.0723318
0.0486154,-0.0277521,0,-0.0766866
0.0495021,-0.0279913,0,-0.0809715
0.0503924,-0.0282289,0,-0.0851838
0.0512864,-0.028465,0,-0.0893027
0.0521841,-0.0286996,0,-0.0933339
0.0530856,-0.0289328,0,-0.0972696
0.0539908,-0.0291646,0,-0.101119
0.0548999,-0.029395,0,-0.104879
0.0558128,-0.0296241,0,-0.10856
0.0567297,-0.0298519,0,-0.112161
0.0576504,-0.0300784,0,-0.115699
0.0585751,-0.0303038,0,-0.119176
0.0595038,-0.0305279,0,-0.122614
0.0604366,-0.030751,0,-0.126013
0.0613734,-0.0309729,0,-0.129375
0.0623144,-0.0311937,0,-0.132683
0.0632595,-0.0314134,0,-0.135939
0.0642089,-0.0316321,0,-0.139137
0.0651625,-0.0318497,0,-0.142283
0.0661204,-0.0320664,0,-0.14537
0.0670826,-0.0322821,0,-0.148407
0.0680492,-0.0324968,0,-0.151391
0.0690203,-0.0327106,0,-0.154328
0.0699958,-0.0329235,0,-0.157226
0.0709758,-0.0331355,0,-0.160087
0.0719604,-0.0333467,0,-0.162926
0.0729496,-0.033557,0,-0.165741
0.0739435,-0.0337666,0,-0.168529
0.0749421,-0.0339753,0,-0.171283
0.0759454,-0.0341833,0,-0.174004
0.0769535,-0.0343904,0,-0.176686
0.0779665,-0.0345969,0,-0.179333
0.0789844,-0.0348026,0,-0.181943
0.0800072,-0.0350075,0,-0.184521
0.0810351,-0.0352118,0,-0.187064
0.0820679,-0.0354154,0,-0.189579
0.0831059,-0.0356183,0,-0.192067
0.084149,-0.0358206,0,-0.194535
0.0851974,-0.0360223,0,-0.196986
0.086251,-0.0362233,0,-0.199427
0.0873099,-0.0364237,0,-0.201849
0.0883741,-0.0366236,0,-0.204251
0.0894438,-0.0368228,0,-0.206631
0.0905189,-0.0370215,0,-0.20899
0.0915995,-0.0372196,0,-0.211327
0.0926858,-0.0374172,0,-0.213645
0.0937776,-0.0376143,0,-0.215943
0.0948752,-0.0378108,0,-0.218227
0.0959785,-0.0380068,0,-0.220496
0.0970875,-0.0382023,0,-0.222757
0.0982025,-0.0383973,0,-0.225011
0.0993233,-0.0385918,0,-0.227269
0.10045,-0.0387859,0,-0.229528
0.101583,-0.0389796,0,-0.231786
0.102722,-0.0391727,0,-0.234035
0.103867,-0.0393654,0,-0.236277
0.105018,-0.0395577,0,-0.238507
0.106176,-0.0397495,0,-0.240727
0.107339,-0.0399409,0,-0.242935
0.10851,-0.0401318,0,-0.245132
0.109686,-0.0403223,0,-0.247317
0.110869,-0.0405124,0,-0.249492
0.112059,-0.0407021,0,-0.25166
0.113256,-0.0408913,0,-0.25382
0.114459,-0.0410801,0,-0.25598
0.115668,-0.0412685,0,-0.258136
0.116885,-0.0414565,0,-0.260286
0.118108,-0.0416441,0,-0.262427
0.119339,-0.0418313,0,-0.26456
0.120576,-0.0420181,0,-0.266681
0.121821,-0.0422045,0,-0.268791
0.123072,-0.0423904,0,-0.270886
0.124331,-0.042576,0,-0.27297
0.125597,-0.0427611,0,-0.275039
0.12687,-0.0429458,0,-0.277096
0.128151,-0.0431301,0,-0.279139
0.12944,-0.043314,0,-0.281172
0.130735,-0.0434975,0,-0.283191
0.132039,-0.0436806,0,-0.2852
0.13335,-0.0438632,0,-0.287195
0.134669,-0.0440455,0,-0.289179
0.135995,-0.0442274,0,-0.29115
0.13733,-0.0444088,0,-0.293112
0.138672,-0.0445898,0,-0.295062
0.140023,-0.0447705,0,-0.297006
0.141381,-0.0449507,0,-0.298941
0.142748,-0.0451306,0,-0.300873
0.144123,-0.04531,0,-0.302801
0.145506,-0.045489,0,-0.30473
0.146898,-0.0456677,0,-0.306662
0.148298,-0.0458459,0,-0.308601
0.149706,-0.0460238,0,-0.310544
0.151123,-0.0462013,0,-0.31249
0.152549,-0.0463783,0,-0.314436
0.153984,-0.0465549,0,-0.316382
0.155427,-0.0467311,0,-0.31833
0.156879,-0.0469069,0,-0.320277
0.158341,-0.0470823,0,-0.322228
0.159811,-0.0472572,0,-0.324177
0.16129,-0.0474318,0,-0.326128
0.162779,-0.0476058,0,-0.328081
0.164277,-0.0477794,0,-0.330041
0.165784,-0.0479526,0,-0.332005
0.167301,-0.0481254,0,-0.333975
0.168827,-0.0482976,0,-0.335947
0.170363,-0.0484694,0,-0.337921
0.171908,-0.0486407,0,-0.339897
0.173464,-0.0488116,0,-0.341875
0.175029,-0.0489819,0,-0.343854
0.176604,-0.0491517,0,-0.345837
0.178189,-0.049321,0,-0.347823
0.179784,-0.0494898,0,-0.349817
0.181389,-0.0496581,0,-0.351815
0.183005,-0.0498259,0,-0.353824
0.184631,-0.049993,0,-0.355841
0.186267,-0.0501597,0,-0.35787
0.187914,-0.0503257,0,-0.359903
0.189571,-0.0504912,0,-0.361944
0.191239,-0.0506561,0,-0.363987
0.192918,-0.0508204,0,-0.366036
0.194608,-0.050984,0,-0.368089
0.196309,-0.051147,0,-0.370146
0.198021,-0.0513094,0,-0.372206
0.199744,-0.0514711,0,-0.374269
0.201478,-0.0516321,0,-0.376336
0.203224,-0.0517924,0,-0.378404
0.20498,-0.051952,0,-0.380476
0.206749,-0.0521109,0,-0.382551
0.208529,-0.052269,0,-0.384633
0.210321,-0.0524264,0,-0.386725
0.212124,-0.052583,0,-0.38883
0.21394,-0.0527389,0,-0.39095
0.215767,-0.052894,0,-0.393088
0.217607,-0.0530483,0,-0.395248
0.219458,-0.0532018,0,-0.397436
0.221322,-0.0533545,0,-0.399655
0.223198,-0.0535064,0,-0.401915
0.225087,-0.0536574,0,-0.404217
0.226988,-0.0538075,0,-0.406561
0.228902,-0.0539568,0,-0.408939
0.230829,-0.0541051,0,-0.411353
0.232769,-0.0542525,0,-0.413799
0.234721,-0.0543989,0,-0.41628
0.236687,-0.0545442,0,-0.418794
0.238666,-0.0546885,0,-0.421343
0.240658,-0.0548318,0,-0.423925
0.242664,-0.0549739,0,-0.426543
0.244683,-0.0551149,0,-0.429198
0.246715,-0.0552548,0,-0.431894
0.248762,-0.0553934,0,-0.43463
0.250822,-0.0555308,0,-0.437407
0.252896,-0.0556669,0,-0.440228
0.254984,-0.0558017,0,-0.443099
0.257086,-0.0559352,0,-0.446027
0.259203,-0.0560672,0,-0.449015
0.261334,-0.0561979,0,-0.45207
0.263479,-0.0563271,0,-0.455198
0.265639,-0.0564547,0,-0.458417
0.267814,-0.0565809,0,-0.461727
0.270003,-0.0567054,0,-0.465125
0.272208,-0.0568282,0,-0.4686
0.274427,-0.0569492,0,-0.472151
0.276662,-0.0570683,0,-0.475774
0.278912,-0.0571855,0,-0.479471
0.281177,-0.0573008,0,-0.483238
0.283458,-0.0574139,0,-0.487079
0.285755,-0.0575248,0,-0.49099
0.288067,-0.0576334,0,-0.494978
0.290395,-0.0577397,0,-0.499035
0.292739,-0.0578435,0,-0.503155
0.2951,-0.0579447,0,-0.507323
0.297477,-0.0580432,0,-0.511533
0.29987,-0.0581388,0,-0.515772
0.302279,-0.0582315,0,-0.520035
0.304706,-0.0583212,0,-0.524308
0.307149,-0.0584076,0,-0.528579
0.309609,-0.0584906,0,-0.532829
0.312086,-0.0585702,0,-0.537043
0.31458,-0.0586462,0,-0.541201
0.317091,-0.0587183,0,-0.545266
0.31962,-0.0587865,0,-0.549202
0.322166,-0.0588506,0,-0.55295
0.32473,-0.0589105,0,-0.556461
0.327312,-0.0589658,0,-0.559692
0.329912,-0.0590166,0,-0.562607
0.33253,-0.0590625,0,-0.565147
0.335166,-0.0591034,0,-0.567262
0.337821,-0.0591392,0,-0.568915
0.340493,-0.0591697,0,-0.570103
0.343185,-0.0591947,0,-0.570823
0.345895,-0.0592141,0,-0.571089
0.348624,-0.0592276,0,-0.570919
0.351372,-0.0592352,0,-0.570368
0.354139,-0.0592367,0,-0.56951
0.356925,-0.0592318,0,-0.568451
0.359731,-0.0592203,0,-0.567309
0.362556,-0.0592022,0,-0.566214
0.365401,-0.0591773,0,-0.565274
0.368266,-0.0591453,0,-0.56457
0.37115,-0.0591061,0,-0.56413
0.374055,-0.0590595,0,-0.563938
0.37698,-0.0590053,0,-0.563921
0.379925,-0.0589433,0,-0.563961
0.38289,-0.0588734,0,-0.563917
0.385876,-0.0587953,0,-0.563648
0.388883,-0.0587091,0,-0.563026
0.39191,-0.0586144,0,-0.561927
0.394959,-0.0585112,0,-0.560259
0.398029,-0.0583993,0,-0.557965
0.401119,-0.0582787,0,-0.55503
0.404232,-0.058149,0,-0.551452
0.407365,-0.0580102,0,-0.547261
0.410521,-0.0578622,0,-0.542504
0.413698,-0.0577048,0,-0.537244
0.416897,-0.057538,0,-0.531525
0.420118,-0.0573615,0,-0.525389
0.423362,-0.0571754,0,-0.518866
0.426627,-0.0569795,0,-0.511991
0.429915,-0.0567736,0,-0.504782
0.433226,-0.0565577,0,-0.497271
0.43656,-0.0563317,0,-0.489488
0.439917,-0.0560956,0,-0.481468
0.443296,-0.0558493,0,-0.47323
0.446699,-0.0555927,0,-0.464799
0.450125,-0.0553258,0,-0.456183
0.453575,-0.0550485,0,-0.447399
0.457049,-0.0547607,0,-0.438454
0.460546,-0.0544625,0,-0.429367
0.464068,-0.0541539,0,-0.420148
0.467613,-0.0538348,0,-0.41081
0.471183,-0.0535051,0,-0.401361
0.474778,-0.053165,0,-0.391808
0.478397,-0.0528144,0,-0.382166
0.482041,-0.0524533,0,-0.37245
0.485711,-0.0520818,0,-0.362671
0.489405,-0.0516999,0,-0.352833
0.493125,-0.0513076,0,-0.342948
0.49687,-0.050905,0,-0.333024
0.500642,-0.0504922,0,-0.323071
0.504439,-0.0500692,0,-0.313096
0.508263,-0.0496361,0,-0.30311
0.512113,-0.0491931,0,-0.293125
0.515989,-0.0487401,0,-0.283152
0.519893,-0.0482774,0,-0.273204
0.523823,-0.0478051,0,-0.263291
0.527781,-0.0473233,0,-0.253426
0.531766,-0.0468321,0,-0.243617
0.535779,-0.0463315,0,-0.233857
0.539819,-0.0458217,0,-0.224143
0.543888,-0.0453028,0,-0.214475
0.547985,-0.0447748,0,-0.204855
0.552111,-0.0442378,0,-0.195283
0.556265,-0.043692,0,-0.185764
0.560449,-0.0431375,0,-0.176297
0.564662,-0.0425744,0,-0.166887
0.568904,-0.0420027,0,-0.157531
0.573176,-0.0414228,0,-0.14824
0.577478,-0.0408347,0,-0.139011
0.58181,-0.0402385,0,-0.129849
0.586172,-0.0396343,0,-0.120743
0.590566,-0.0390222,0,-0.111691
0.59499,-0.0384024,0,-0.102695
0.599445,-0.037775,0,-0.0937553
0.603932,-0.0371402,0,-0.0848692
0.608451,-0.036498,0,-0.0760379
0.613001,-0.0358486,0,-0.0672564
0.617584,-0.0351922,0,-0.0585267
0.6222,-0.0345289,0,-0.0498443
0.626848,-0.0338588,0,-0.041213
0.631529,-0.0331823,0,-0.0326271
0.636244,-0.0324993,0,-0.0240893
0.640992,-0.0318102,0,-0.0155932
0.645774,-0.0311151,0,-0.00714298
0.65059,-0.0304142,0,0.0012682
0.655441,-0.0297078,0,0.00963242
0.660326,-0.0289961,0,0.0179511
0.665247,-0.0282795,0,0.0262146
0.670203,-0.0275582,0,0.0344266
0.675195,-0.0268326,0,0.0425779
0.680222,-0.0261029,0,0.0506736
0.685287,-0.0253695,0,0.0587069
0.690387,-0.0246327,0,0.066682
0.695525,-0.0238929,0,0.0745937
0.7007,-0.0231504,0,0.0824428
0.705912,-0.0224058,0,0.0902264
0.711163,-0.0216593,0,0.0979395
0.716452,-0.0209115,0,0.105586
0.721779,-0.0201628,0,0.113155
0.727146,-0.0194137,0,0.12065
0.732552,-0.0186649,0,0.128055
0.737998,-0.0179169,0,0.135371
0.743484,-0.0171703,0,0.142584
0.74901,-0.0164258,0,0.149696
0.754577,-0.0156839,0,0.15669
0.760186,-0.0149454,0,0.163569
0.765836,-0.0142108,0,0.170319
0.771528,-0.0134807,0,0.176956
0.777262,-0.0127556,0,0.183482
0.783039,-0.0120361,0,0.189911
0.788859,-0.0113227,0,0.196239
0.794722,-0.010616,0,0.202482
0.800629,-0.00991657,0,0.208634
0.80658,-0.00922524,0,0.214715
0.812576,-0.00854286,0,0.220702
0.818616,-0.00787036,0,0.226602
0.824702,-0.00720872,0,0.232395
0.830834,-0.00655905,0,0.238089
0.837011,-0.00592249,0,0.243659
0.843235,-0.0053003,0,0.249111
0.849506,-0.00469389,0,0.254418
0.855825,-0.00410477,0,0.259574
0.862191,-0.00353448,0,0.26455
0.868605,-0.00298459,0,0.269349
0.875067,-0.00245677,0,0.273946
0.881579,-0.00195314,0,0.278338
0.88814,-0.00147611,0,0.282459
0.89475,-0.00102812,0,0.286277
0.90141,-0.000611578,0,0.289739
0.908121,-0.00022906,0,0.292832
0.914882,0.000116392,0,0.295487
0.921694,0.000421562,0,0.297641
0.928558,0.000683409,0,0.299185
0.935472,0.000898717,0,0.300123
0.942438,0.00106336,0,0.300231
0.949455,0.00117245,0,0.29949
0.956524,0.00122013,0,0.297341
0.963644,0.00120117,0,0.2938
0.970815,0.00111125,0,0.287899
0.978036,0.000947191,0,0.279691
0.985308,0.000707975,0,0.266105
0.992629,0.000392861,0,0.258128
