Points_0,Points_1,Points_2,Pressure_Coefficient
1,0,0,-0.260919
0.992739,0.00151925,0,-0.209847
0.985523,0.00298981,0,-0.240143
0.978353,0.00442412,0,-0.255185
0.971231,0.0058254,0,-0.271724
0.964156,0.00719657,0,-0.286145
0.957129,0.00853886,0,-0.296227
0.950149,0.00985441,0,-0.303537
0.943216,0.0111454,0,-0.308551
0.936331,0.0124123,0,-0.312093
0.929492,0.0136555,0,-0.314491
0.9227,0.0148758,0,-0.316332
0.915955,0.0160741,0,-0.31768
0.909257,0.0172512,0,-0.318976
0.902604,0.0184074,0,-0.320183
0.895997,0.0195429,0,-0.32152
0.889435,0.0206585,0,-0.322954
0.882919,0.0217549,0,-0.324564
0.876448,0.0228325,0,-0.326328
0.870022,0.0238914,0,-0.328221
0.86364,0.0249318,0,-0.330219
0.857303,0.0259541,0,-0.332232
0.851009,0.0269588,0,-0.334282
0.844759,0.0279463,0,-0.336213
0.838553,0.0289166,0,-0.33816
0.832389,0.0298701,0,-0.33988
0.826269,0.0308068,0,-0.341706
0.82019,0.0317268,0,-0.34331
0.814155,0.0326299,0,-0.345151
0.80816,0.0335165,0,-0.346891
0.802208,0.0343865,0,-0.34888
0.796297,0.0352404,0,-0.350894
0.790427,0.0360781,0,-0.353125
0.784597,0.0368999,0,-0.35544
0.778808,0.0377056,0,-0.357945
0.77306,0.0384955,0,-0.360563
0.767351,0.0392698,0,-0.363351
0.761682,0.0400286,0,-0.366263
0.756052,0.0407722,0,-0.369323
0.750462,0.0415009,0,-0.372496
0.74491,0.0422147,0,-0.375778
0.739397,0.0429137,0,-0.379137
0.733922,0.0435979,0,-0.382544
0.728485,0.0442674,0,-0.385975
0.723086,0.0449225,0,-0.389393
0.717725,0.0455634,0,-0.392792
0.712401,0.0461902,0,-0.396131
0.707114,0.0468031,0,-0.399445
0.701864,0.0474024,0,-0.402685
0.696651,0.0479881,0,-0.405967
0.691474,0.0485606,0,-0.409208
0.686333,0.0491198,0,-0.412645
0.681227,0.0496661,0,-0.41609
0.676158,0.0501994,0,-0.419858
0.671124,0.0507198,0,-0.423663
0.666124,0.0512276,0,-0.427757
0.66116,0.0517227,0,-0.431924
0.656231,0.0522054,0,-0.436293
0.651335,0.0526758,0,-0.440751
0.646474,0.053134,0,-0.445339
0.641647,0.0535801,0,-0.450009
0.636854,0.0540142,0,-0.454766
0.632094,0.0544364,0,-0.459592
0.627367,0.0548466,0,-0.46448
0.622674,0.055245,0,-0.469428
0.618013,0.0556315,0,-0.474421
0.613385,0.0560062,0,-0.47947
0.608789,0.0563692,0,-0.484555
0.604225,0.0567205,0,-0.489699
0.599693,0.0570602,0,-0.494883
0.595193,0.0573884,0,-0.500141
0.590724,0.057705,0,-0.505453
0.586286,0.0580102,0,-0.510859
0.58188,0.058304,0,-0.516341
0.577504,0.0585865,0,-0.521938
0.573159,0.0588577,0,-0.527632
0.568844,0.0591177,0,-0.533442
0.564559,0.0593668,0,-0.539358
0.560305,0.0596051,0,-0.545351
0.55608,0.0598328,0,-0.551432
0.551885,0.0600501,0,-0.557532
0.547719,0.0602572,0,-0.563683
0.543582,0.0604544,0,-0.56986
0.539475,0.0606418,0,-0.576062
0.535396,0.0608197,0,-0.582307
0.531346,0.0609883,0,-0.588565
0.527324,0.0611479,0,-0.594867
0.523331,0.0612986,0,-0.601171
0.519366,0.0614408,0,-0.607506
0.515429,0.0615746,0,-0.613832
0.511519,0.0617002,0,-0.620172
0.507637,0.0618179,0,-0.626487
0.503782,0.0619278,0,-0.632799
0.499954,0.0620302,0,-0.639071
0.496154,0.0621252,0,-0.645322
0.49238,0.0622132,0,-0.651519
0.488632,0.0622942,0,-0.657677
0.484912,0.0623685,0,-0.663767
0.481217,0.0624362,0,-0.669798
0.477548,0.0624977,0,-0.675744
0.473905,0.062553,0,-0.681613
0.470288,0.0626024,0,-0.687384
0.466697,0.0626459,0,-0.693057
0.46313,0.0626839,0,-0.698621
0.459589,0.0627164,0,-0.704062
0.456073,0.0627435,0,-0.709383
0.452581,0.0627656,0,-0.714557
0.449115,0.0627826,0,-0.719599
0.445672,0.0627948,0,-0.724482
0.442254,0.0628023,0,-0.729229
0.43886,0.0628052,0,-0.733816
0.43549,0.0628037,0,-0.738266
0.432143,0.0627979,0,-0.742556
0.42882,0.0627879,0,-0.746706
0.425521,0.0627738,0,-0.750703
0.422244,0.0627558,0,-0.754582
0.418991,0.0627339,0,-0.758354
0.415761,0.0627083,0,-0.762061
0.412553,0.0626791,0,-0.765711
0.409368,0.0626462,0,-0.769328
0.406205,0.0626099,0,-0.772917
0.403064,0.0625701,0,-0.776516
0.399946,0.0625271,0,-0.780145
0.396849,0.0624807,0,-0.783835
0.393774,0.0624312,0,-0.787605
0.390721,0.0623785,0,-0.791504
0.387689,0.0623228,0,-0.795583
0.384678,0.062264,0,-0.799914
0.381689,0.0622023,0,-0.804542
0.37872,0.0621377,0,-0.809511
0.375772,0.0620703,0,-0.81486
0.372845,0.062,0,-0.820624
0.369938,0.0619271,0,-0.826837
0.367052,0.0618515,0,-0.833567
0.364185,0.0617733,0,-0.840949
0.361339,0.0616925,0,-0.84915
0.358513,0.0616092,0,-0.858378
0.355706,0.0615235,0,-0.868905
0.352919,0.0614354,0,-0.881101
0.350151,0.0613449,0,-0.895456
0.347403,0.0612522,0,-0.912713
0.344674,0.0611572,0,-0.934083
0.341963,0.06106,0,-0.96162
0.339272,0.0609606,0,-0.998918
0.336599,0.0608592,0,-1.05202
0.333945,0.0607556,0,-1.13039
0.33131,0.0606501,0,-1.24514
0.328692,0.0605425,0,-1.38065
0.326093,0.060433,0,-1.48873
0.323512,0.0603216,0,-1.54748
0.320949,0.0602084,0,-1.57062
0.318403,0.0600934,0,-1.57682
0.315875,0.0599766,0,-1.5772
0.313365,0.059858,0,-1.57631
0.310871,0.0597378,0,-1.57543
0.308396,0.059616,0,-1.57468
0.305937,0.0594925,0,-1.57404
0.303495,0.0593675,0,-1.57343
0.30107,0.0592409,0,-1.57282
0.298661,0.0591129,0,-1.57222
0.29627,0.0589834,0,-1.57162
0.293894,0.0588525,0,-1.57101
0.291535,0.0587202,0,-1.5704
0.289192,0.0585866,0,-1.56977
0.286866,0.0584517,0,-1.56911
0.284555,0.0583155,0,-1.56841
0.28226,0.0581781,0,-1.56768
0.27998,0.0580395,0,-1.56694
0.277717,0.0578996,0,-1.5662
0.275468,0.0577586,0,-1.5655
0.273235,0.0576164,0,-1.56483
0.271018,0.0574731,0,-1.56421
0.268815,0.0573286,0,-1.56361
0.266627,0.057183,0,-1.56303
0.264455,0.0570364,0,-1.56244
0.262297,0.0568887,0,-1.56183
0.260153,0.0567399,0,-1.56124
0.258024,0.0565901,0,-1.56067
0.25591,0.0564393,0,-1.56018
0.25381,0.0562875,0,-1.55977
0.251724,0.0561347,0,-1.55942
0.249652,0.055981,0,-1.5591
0.247594,0.0558264,0,-1.55879
0.24555,0.0556708,0,-1.5585
0.24352,0.0555143,0,-1.55824
0.241503,0.055357,0,-1.55803
0.2395,0.0551988,0,-1.55786
0.237511,0.0550398,0,-1.55771
0.235534,0.05488,0,-1.55758
0.233571,0.0547193,0,-1.55747
0.231621,0.0545579,0,-1.55736
0.229684,0.0543957,0,-1.55728
0.22776,0.0542328,0,-1.55722
0.225849,0.0540692,0,-1.5572
0.22395,0.0539048,0,-1.55723
0.222064,0.0537398,0,-1.55731
0.220191,0.0535741,0,-1.55746
0.21833,0.0534077,0,-1.55764
0.216481,0.0532407,0,-1.55787
0.214645,0.053073,0,-1.5581
0.21282,0.0529047,0,-1.55831
0.211008,0.0527358,0,-1.55845
0.209207,0.0525663,0,-1.55848
0.207419,0.0523962,0,-1.55841
0.205642,0.0522255,0,-1.55829
0.203877,0.0520542,0,-1.55817
0.202123,0.0518823,0,-1.55809
0.200381,0.0517099,0,-1.55805
0.19865,0.051537,0,-1.558
0.19693,0.0513635,0,-1.55791
0.195221,0.0511895,0,-1.55776
0.193524,0.0510149,0,-1.55759
0.191837,0.0508399,0,-1.55742
0.190162,0.0506644,0,-1.55729
0.188497,0.0504884,0,-1.5572
0.186843,0.0503119,0,-1.55713
0.1852,0.0501349,0,-1.55708
0.183567,0.0499575,0,-1.55704
0.181944,0.0497797,0,-1.55702
0.180332,0.0496014,0,-1.557
0.178731,0.0494227,0,-1.55697
0.177139,0.0492435,0,-1.5569
0.175558,0.0490639,0,-1.55678
0.173986,0.0488839,0,-1.55663
0.172425,0.0487034,0,-1.55647
0.170873,0.0485225,0,-1.55632
0.169331,0.0483412,0,-1.55621
0.167799,0.0481595,0,-1.55616
0.166277,0.0479774,0,-1.55618
0.164764,0.0477949,0,-1.55623
0.16326,0.0476119,0,-1.55632
0.161766,0.0474286,0,-1.5564
0.160281,0.0472448,0,-1.55647
0.158806,0.0470607,0,-1.5565
0.157339,0.0468762,0,-1.55652
0.155882,0.0466913,0,-1.55653
0.154434,0.0465061,0,-1.55655
0.152994,0.0463205,0,-1.55657
0.151563,0.0461345,0,-1.55659
0.150142,0.0459482,0,-1.55658
0.148728,0.0457615,0,-1.55657
0.147324,0.0455745,0,-1.55658
0.145928,0.0453871,0,-1.55662
0.14454,0.0451995,0,-1.55669
0.143161,0.0450115,0,-1.5568
0.14179,0.0448231,0,-1.55694
0.140427,0.0446345,0,-1.55712
0.139073,0.0444455,0,-1.55732
0.137726,0.0442562,0,-1.55754
0.136388,0.0440666,0,-1.55782
0.135058,0.0438767,0,-1.55815
0.133735,0.0436864,0,-1.55857
0.13242,0.0434959,0,-1.55905
0.131113,0.043305,0,-1.55959
0.129814,0.0431138,0,-1.56015
0.128522,0.0429224,0,-1.56072
0.127238,0.0427306,0,-1.56129
0.125961,0.0425385,0,-1.56185
0.124692,0.0423461,0,-1.56242
0.12343,0.0421534,0,-1.56301
0.122175,0.0419604,0,-1.56362
0.120927,0.041767,0,-1.56421
0.119687,0.0415734,0,-1.56475
0.118454,0.0413794,0,-1.56522
0.117227,0.0411851,0,-1.5656
0.116008,0.0409905,0,-1.56594
0.114795,0.0407956,0,-1.56624
0.11359,0.0406004,0,-1.56652
0.112391,0.0404048,0,-1.56677
0.111198,0.0402089,0,-1.56697
0.110013,0.0400127,0,-1.56711
0.108833,0.0398161,0,-1.56722
0.107661,0.0396192,0,-1.56733
0.106494,0.0394219,0,-1.56747
0.105335,0.0392243,0,-1.56765
0.104181,0.0390263,0,-1.56783
0.103034,0.0388279,0,-1.56803
0.101893,0.0386292,0,-1.56826
0.100758,0.0384301,0,-1.56855
0.0996288,0.0382306,0,-1.56889
0.098506,0.0380307,0,-1.56931
0.097389,0.0378304,0,-1.56981
0.096278,0.0376296,0,-1.57038
0.0951729,0.0374285,0,-1.57101
0.0940735,0.037227,0,-1.57172
0.0929798,0.037025,0,-1.57248
0.0918918,0.0368225,0,-1.57328
0.0908094,0.0366197,0,-1.57413
0.0897326,0.0364163,0,-1.57502
0.0886613,0.0362125,0,-1.57595
0.0875954,0.0360082,0,-1.57691
0.0865349,0.0358035,0,-1.57789
0.0854798,0.0355982,0,-1.57889
0.08443,0.0353925,0,-1.57993
0.0833853,0.0351862,0,-1.58102
0.0823459,0.0349794,0,-1.58215
0.0813116,0.0347721,0,-1.58328
0.0802823,0.0345643,0,-1.58436
0.0792581,0.0343558,0,-1.58537
0.0782389,0.0341468,0,-1.5863
0.0772245,0.0339372,0,-1.58717
0.0762151,0.033727,0,-1.58797
0.0752104,0.0335162,0,-1.58872
0.0742106,0.0333047,0,-1.58943
0.0732154,0.0330926,0,-1.59011
0.0722249,0.0328798,0,-1.59077
0.0712391,0.0326664,0,-1.59139
0.0702578,0.0324523,0,-1.59196
0.069281,0.0322375,0,-1.59246
0.0683087,0.0320219,0,-1.59289
0.0673408,0.0318056,0,-1.59328
0.0663773,0.0315885,0,-1.59361
0.0654182,0.0313706,0,-1.59383
0.0644634,0.0311519,0,-1.5939
0.0635128,0.0309324,0,-1.59385
0.0625664,0.030712,0,-1.59374
0.0616241,0.0304908,0,-1.59369
0.060686,0.0302686,0,-1.5938
0.0597519,0.0300455,0,-1.59406
0.0588219,0.0298215,0,-1.59444
0.0578958,0.0295966,0,-1.59488
0.0569737,0.0293706,0,-1.59536
0.0560555,0.0291437,0,-1.59591
0.0551412,0.0289157,0,-1.59657
0.0542306,0.0286866,0,-1.59733
0.0533239,0.0284564,0,-1.59818
0.0524209,0.028225,0,-1.59911
0.0515216,0.0279925,0,-1.60016
0.0506259,0.0277588,0,-1.60134
0.0497339,0.0275238,0,-1.60261
0.0488455,0.0272876,0,-1.60386
0.0479607,0.02705,0,-1.60496
0.0470793,0.0268112,0,-1.60581
0.0462015,0.026571,0,-1.60643
0.0453271,0.0263293,0,-1.60691
0.0444561,0.0260862,0,-1.60734
0.0435885,0.0258415,0,-1.60777
0.0427244,0.0255953,0,-1.60818
0.0418635,0.0253474,0,-1.60857
0.041006,0.0250977,0,-1.60896
0.0401517,0.0248464,0,-1.60937
0.0393008,0.0245932,0,-1.60984
0.038453,0.0243382,0,-1.61035
0.0376085,0.0240813,0,-1.61081
0.0367672,0.0238224,0,-1.61114
0.0359291,0.0235614,0,-1.61128
0.0350942,0.0232983,0,-1.61126
0.0342624,0.0230328,0,-1.61114
0.0334338,0.022765,0,-1.61103
0.0326084,0.0224947,0,-1.61098
0.0317862,0.0222218,0,-1.611
0.0309671,0.0219462,0,-1.61102
0.0301512,0.0216678,0,-1.61092
0.0293385,0.0213866,0,-1.6105
0.0285289,0.0211023,0,-1.60954
0.0277226,0.020815,0,-1.60789
0.0269195,0.0205244,0,-1.60557
0.0261196,0.0202303,0,-1.60276
0.0253231,0.0199326,0,-1.59976
0.0245299,0.0196311,0,-1.59685
0.0237401,0.0193256,0,-1.59427
0.0229537,0.019016,0,-1.5921
0.0221708,0.0187022,0,-1.59027
0.0213914,0.018384,0,-1.58857
0.0206156,0.0180611,0,-1.58671
0.0198436,0.0177333,0,-1.5845
0.0190754,0.0174003,0,-1.58198
0.0183112,0.0170616,0,-1.5791
0.0175512,0.0167171,0,-1.57558
0.0167955,0.0163663,0,-1.57094
0.0160444,0.016009,0,-1.56476
0.0152979,0.0156449,0,-1.55694
0.0145563,0.0152737,0,-1.54752
0.0138199,0.0148949,0,-1.53662
0.0130889,0.014508,0,-1.52459
0.0123639,0.0141124,0,-1.51184
0.0116452,0.0137075,0,-1.4986
0.0109333,0.0132928,0,-1.48492
0.0102286,0.0128678,0,-1.47066
0.00953152,0.012432,0,-1.45527
0.00884279,0.0119848,0,-1.43757
0.00816329,0.0115252,0,-1.41649
0.00749407,0.0110521,0,-1.39183
0.00683627,0.0105645,0,-1.36375
0.0061911,0.0100614,0,-1.33258
0.00555984,0.00954194,0,-1.29834
0.00494392,0.00900533,0,-1.25936
0.00434557,0.00845005,0,-1.21298
0.00376755,0.00787438,0,-1.15796
0.00321289,0.00727683,0,-1.09456
0.00268485,0.00665621,0,-1.02358
0.00218691,0.0060117,0,-0.944059
0.00172362,0.0053423,0,-0.851577
0.00130111,0.00464682,0,-0.7412
0.000926289,0.00392486,0,-0.609777
0.00060661,0.00317712,0,-0.457132
0.000349103,0.00240598,0,-0.28926
0.000158708,0.00161573,0,-0.113599
4.04813e-05,0.000811657,0,0.0674764
2.45681e-10,7.00775e-11,0,0.253305
4.10564e-05,-0.000811628,0,0.433631
0.000159807,-0.00161563,0,0.594987
0.000350623,-0.00240577,0,0.732519
0.000608399,-0.00317683,0,0.846358
0.000928138,-0.00392454,0,0.937199
0.00130273,-0.00464662,0,1.00636
0.00172466,-0.00534244,0,1.05687
0.00218695,-0.00601253,0,1.09195
0.00268343,-0.00665815,0,1.11498
0.00320953,-0.0072804,0,1.12872
0.00376183,-0.00788011,0,1.13535
0.0043371,-0.0084585,0,1.1365
0.00493233,-0.00901709,0,1.13357
0.00554479,-0.00955759,0,1.12761
0.00617227,-0.0100815,0,1.11931
0.00681336,-0.0105897,0,1.10933
0.00746685,-0.0110831,0,1.09799
0.00813155,-0.0115624,0,1.08587
0.00880638,-0.0120288,0,1.07303
0.00949031,-0.0124831,0,1.05994
0.0101824,-0.0129265,0,1.04647
0.0108821,-0.0133596,0,1.03293
0.011589,-0.0137827,0,1.01925
0.0123025,-0.0141965,0,1.00573
0.0130223,-0.0146013,0,0.992288
0.013748,-0.0149978,0,0.979092
0.0144791,-0.0153864,0,0.96605
0.0152154,-0.0157678,0,0.95326
0.0159565,-0.0161424,0,0.940591
0.0167023,-0.0165103,0,0.92815
0.0174526,-0.016872,0,0.915918
0.0182073,-0.0172276,0,0.903984
0.0189663,-0.0175773,0,0.892282
0.0197293,-0.0179216,0,0.880885
0.0204962,-0.0182605,0,0.869716
0.021267,-0.0185945,0,0.858824
0.0220416,-0.0189238,0,0.848114
0.0228197,-0.0192485,0,0.837622
0.0236015,-0.0195689,0,0.827309
0.0243868,-0.019885,0,0.81725
0.0251756,-0.020197,0,0.807388
0.0259678,-0.0205051,0,0.797771
0.0267635,-0.0208095,0,0.788347
0.0275625,-0.0211101,0,0.779149
0.0283649,-0.0214073,0,0.770121
0.0291706,-0.0217012,0,0.761286
0.0299795,-0.0219919,0,0.752577
0.0307918,-0.0222796,0,0.744022
0.0316073,-0.0225642,0,0.735602
0.032426,-0.022846,0,0.727359
0.0332481,-0.0231249,0,0.719256
0.0340734,-0.0234011,0,0.711326
0.034902,-0.0236746,0,0.703531
0.0357339,-0.0239456,0,0.695898
0.036569,-0.0242141,0,0.688388
0.0374075,-0.0244802,0,0.681022
0.0382492,-0.024744,0,0.673757
0.0390943,-0.0250056,0,0.666607
0.0399427,-0.0252651,0,0.659543
0.0407945,-0.0255224,0,0.652605
0.0416496,-0.0257777,0,0.645765
0.0425082,-0.0260309,0,0.63905
0.0433702,-0.0262822,0,0.632432
0.0442356,-0.0265317,0,0.625935
0.0451045,-0.0267792,0,0.619529
0.0459769,-0.027025,0,0.613235
0.0468528,-0.027269,0,0.607022
0.0477323,-0.0275114,0,0.600909
0.0486154,-0.0277521,0,0.594861
0.0495021,-0.0279913,0,0.588896
0.0503924,-0.0282289,0,0.582995
0.0512864,-0.028465,0,0.577186
0.0521841,-0.0286996,0,0.571446
0.0530856,-0.0289328,0,0.565795
0.0539908,-0.0291646,0,0.56021
0.0548999,-0.029395,0,0.554711
0.0558128,-0.0296241,0,0.549274
0.0567297,-0.0298519,0,0.543916
0.0576504,-0.0300784,0,0.538613
0.0585751,-0.0303038,0,0.53338
0.0595038,-0.0305279,0,0.528188
0.0604366,-0.030751,0,0.523053
0.0613734,-0.0309729,0,0.517958
0.0623144,-0.0311937,0,0.512927
0.0632595,-0.0314134,0,0.50794
0.0642089,-0.0316321,0,0.503016
0.0651625,-0.0318497,0,0.498138
0.0661204,-0.0320664,0,0.493319
0.0670826,-0.0322821,0,0.488547
0.0680492,-0.0324968,0,0.483826
0.0690203,-0.0327106,0,0.479152
0.0699958,-0.0329235,0,0.474519
0.0709758,-0.0331355,0,0.46993
0.0719604,-0.0333467,0,0.465368
0.0729496,-0.033557,0,0.460844
0.0739435,-0.0337666,0,0.456349
0.0749421,-0.0339753,0,0.451898
0.0759454,-0.0341833,0,0.447478
0.0769535,-0.0343904,0,0.443102
0.0779665,-0.0345969,0,0.438758
0.0789844,-0.0348026,0,0.434456
0.0800072,-0.0350075,0,0.430184
0.0810351,-0.0352118,0,0.425951
0.0820679,-0.0354154,0,0.421746
0.0831059,-0.0356183,0,0.417575
0.084149,-0.0358206,0,0.413427
0.0851974,-0.0360223,0,0.409307
0.086251,-0.0362233,0,0.405204
0.0873099,-0.0364237,0,0.40113
0.0883741,-0.0366236,0,0.397078
0.0894438,-0.0368228,0,0.393056
0.0905189,-0.0370215,0,0.389054
0.0915995,-0.0372196,0,0.385082
0.0926858,-0.0374172,0,0.38113
0.0937776,-0.0376143,0,0.377205
0.0948752,-0.0378108,0,0.373297
0.0959785,-0.0380068,0,0.369414
0.0970875,-0.0382023,0,0.365543
0.0982025,-0.0383973,0,0.361691
0.0993233,-0.0385918,0,0.357846
0.10045,-0.0387859,0,0.354014
0.101583,-0.0389796,0,0.350191
0.102722,-0.0391727,0,0.346387
0.103867,-0.0393654,0,0.342593
0.105018,-0.0395577,0,0.33882
0.106176,-0.0397495,0,0.335058
0.107339,-0.0399409,0,0.331315
0.10851,-0.0401318,0,0.327585
0.109686,-0.0403223,0,0.323871
0.110869,-0.0405124,0,0.320171
0.112059,-0.0407021,0,0.316481
0.113256,-0.0408913,0,0.312806
0.114459,-0.0410801,0,0.309135
0.115668,-0.0412685,0,0.305476
0.116885,-0.0414565,0,0.301823
0.118108,-0.0416441,0,0.298185
0.119339,-0.0418313,0,0.294556
0.120576,-0.0420181,0,0.290943
0.121821,-0.0422045,0,0.28734
0.123072,-0.0423904,0,0.283753
0.124331,-0.042576,0,0.280176
0.125597,-0.0427611,0,0.276615
0.12687,-0.0429458,0,0.273063
0.128151,-0.0431301,0,0.269527
0.12944,-0.043314,0,0.266
0.130735,-0.0434975,0,0.262488
0.132039,-0.0436806,0,0.258984
0.13335,-0.0438632,0,0.255495
0.134669,-0.0440455,0,0.252012
0.135995,-0.0442274,0,0.248544
0.13733,-0.0444088,0,0.245082
0.138672,-0.0445898,0,0.241632
0.140023,-0.0447705,0,0.238188
0.141381,-0.0449507,0,0.234754
0.142748,-0.0451306,0,0.231324
0.144123,-0.04531,0,0.227902
0.145506,-0.045489,0,0.22448
0.146898,-0.0456677,0,0.221062
0.148298,-0.0458459,0,0.21764
0.149706,-0.0460238,0,0.214221
0.151123,-0.0462013,0,0.210801
0.152549,-0.0463783,0,0.207385
0.153984,-0.0465549,0,0.203972
0.155427,-0.0467311,0,0.200559
0.156879,-0.0469069,0,0.19715
0.158341,-0.0470823,0,0.193739
0.159811,-0.0472572,0,0.190332
0.16129,-0.0474318,0,0.186923
0.162779,-0.0476058,0,0.183515
0.164277,-0.0477794,0,0.180104
0.165784,-0.0479526,0,0.176694
0.167301,-0.0481254,0,0.173278
0.168827,-0.0482976,0,0.169863
0.170363,-0.0484694,0,0.166445
0.171908,-0.0486407,0,0.163028
0.173464,-0.0488116,0,0.159608
0.175029,-0.0489819,0,0.156189
0.176604,-0.0491517,0,0.152766
0.178189,-0.049321,0,0.149344
0.179784,-0.0494898,0,0.145915
0.181389,-0.0496581,0,0.142486
0.183005,-0.0498259,0,0.139048
0.184631,-0.049993,0,0.135607
0.186267,-0.0501597,0,0.132157
0.187914,-0.0503257,0,0.128704
0.189571,-0.0504912,0,0.125245
0.191239,-0.0506561,0,0.121784
0.192918,-0.0508204,0,0.118316
0.194608,-0.050984,0,0.114847
0.196309,-0.051147,0,0.111373
0.198021,-0.0513094,0,0.107896
0.199744,-0.0514711,0,0.104415
0.201478,-0.0516321,0,0.100929
0.203224,-0.0517924,0,0.0974424
0.20498,-0.051952,0,0.0939482
0.206749,-0.0521109,0,0.0904507
0.208529,-0.052269,0,0.0869436
0.210321,-0.0524264,0,0.0834298
0.212124,-0.052583,0,0.0799039
0.21394,-0.0527389,0,0.0763688
0.215767,-0.052894,0,0.0728178
0.217607,-0.0530483,0,0.0692536
0.219458,-0.0532018,0,0.0656681
0.221322,-0.0533545,0,0.0620633
0.223198,-0.0535064,0,0.0584293
0.225087,-0.0536574,0,0.0547685
0.226988,-0.0538075,0,0.0510775
0.228902,-0.0539568,0,0.047365
0.230829,-0.0541051,0,0.043626
0.232769,-0.0542525,0,0.0398667
0.234721,-0.0543989,0,0.0360813
0.236687,-0.0545442,0,0.0322758
0.238666,-0.0546885,0,0.028444
0.240658,-0.0548318,0,0.0245909
0.242664,-0.0549739,0,0.0207108
0.244683,-0.0551149,0,0.016807
0.246715,-0.0552548,0,0.0128753
0.248762,-0.0553934,0,0.00891681
0.250822,-0.0555308,0,0.00493023
0.252896,-0.0556669,0,0.000911336
0.254984,-0.0558017,0,-0.00313821
0.257086,-0.0559352,0,-0.00722668
0.259203,-0.0560672,0,-0.0113519
0.261334,-0.0561979,0,-0.0155228
0.263479,-0.0563271,0,-0.0197404
0.265639,-0.0564547,0,-0.0240163
0.267814,-0.0565809,0,-0.0283489
0.270003,-0.0567054,0,-0.0327381
0.272208,-0.0568282,0,-0.0371727
0.274427,-0.0569492,0,-0.0416555
0.276662,-0.0570683,0,-0.0461797
0.278912,-0.0571855,0,-0.0507498
0.281177,-0.0573008,0,-0.0553596
0.283458,-0.0574139,0,-0.0600153
0.285755,-0.0575248,0,-0.0647112
0.288067,-0.0576334,0,-0.0694555
0.290395,-0.0577397,0,-0.0742406
0.292739,-0.0578435,0,-0.0790673
0.2951,-0.0579447,0,-0.0839236
0.297477,-0.0580432,0,-0.0888128
0.29987,-0.0581388,0,-0.0937248
0.302279,-0.0582315,0,-0.0986628
0.304706,-0.0583212,0,-0.103618
0.307149,-0.0584076,0,-0.108592
0.309609,-0.0584906,0,-0.113579
0.312086,-0.0585702,0,-0.118577
0.31458,-0.0586462,0,-0.123582
0.317091,-0.0587183,0,-0.128581
0.31962,-0.0587865,0,-0.133571
0.322166,-0.0588506,0,-0.138537
0.32473,-0.0589105,0,-0.143477
0.327312,-0.0589658,0,-0.148375
0.329912,-0.0590166,0,-0.153225
0.33253,-0.0590625,0,-0.158005
0.335166,-0.0591034,0,-0.162709
0.337821,-0.0591392,0,-0.167329
0.340493,-0.0591697,0,-0.171871
0.343185,-0.0591947,0,-0.176326
0.345895,-0.0592141,0,-0.180697
0.348624,-0.0592276,0,-0.184968
0.351372,-0.0592352,0,-0.189139
0.354139,-0.0592367,0,-0.193195
0.356925,-0.0592318,0,-0.197129
0.359731,-0.0592203,0,-0.200928
0.362556,-0.0592022,0,-0.204594
0.365401,-0.0591773,0,-0.208116
0.368266,-0.0591453,0,-0.211493
0.37115,-0.0591061,0,-0.214707
0.374055,-0.0590595,0,-0.217751
0.37698,-0.0590053,0,-0.220607
0.379925,-0.0589433,0,-0.223258
0.38289,-0.0588734,0,-0.225692
0.385876,-0.0587953,0,-0.227906
0.388883,-0.0587091,0,-0.229913
0.39191,-0.0586144,0,-0.231706
0.394959,-0.0585112,0,-0.233287
0.398029,-0.0583993,0,-0.234647
0.401119,-0.0582787,0,-0.235784
0.404232,-0.058149,0,-0.236681
0.407365,-0.0580102,0,-0.237337
0.410521,-0.0578622,0,-0.237751
0.413698,-0.0577048,0,-0.237933
0.416897,-0.057538,0,-0.237878
0.420118,-0.0573615,0,-0.237588
0.423362,-0.0571754,0,-0.237053
0.426627,-0.0569795,0,-0.236273
0.429915,-0.0567736,0,-0.235235
0.433226,-0.0565577,0,-0.233947
0.43656,-0.0563317,0,-0.232414
0.439917,-0.0560956,0,-0.230651
0.443296,-0.0558493,0,-0.228656
0.446699,-0.0555927,0,-0.226439
0.450125,-0.0553258,0,-0.223995
0.453575,-0.0550485,0,-0.221332
0.457049,-0.0547607,0,-0.218448
0.460546,-0.0544625,0,-0.215357
0.464068,-0.0541539,0,-0.212064
0.467613,-0.0538348,0,-0.208577
0.471183,-0.0535051,0,-0.204903
0.474778,-0.053165,0,-0.201043
0.478397,-0.0528144,0,-0.197007
0.482041,-0.0524533,0,-0.192802
0.485711,-0.0520818,0,-0.188438
0.489405,-0.0516999,0,-0.183925
0.493125,-0.0513076,0,-0.179272
0.49687,-0.050905,0,-0.174487
0.500642,-0.0504922,0,-0.169578
0.504439,-0.0500692,0,-0.164552
0.508263,-0.0496361,0,-0.159422
0.512113,-0.0491931,0,-0.154199
0.515989,-0.0487401,0,-0.148899
0.519893,-0.0482774,0,-0.143535
0.523823,-0.0478051,0,-0.138122
0.527781,-0.0473233,0,-0.132676
0.531766,-0.0468321,0,-0.127205
0.535779,-0.0463315,0,-0.121704
0.539819,-0.0458217,0,-0.116171
0.543888,-0.0453028,0,-0.110607
0.547985,-0.0447748,0,-0.105017
0.552111,-0.0442378,0,-0.0994041
0.556265,-0.043692,0,-0.0937737
0.560449,-0.0431375,0,-0.0881273
0.564662,-0.0425744,0,-0.082472
0.568904,-0.0420027,0,-0.0768098
0.573176,-0.0414228,0,-0.0711515
0.577478,-0.0408347,0,-0.0654998
0.58181,-0.0402385,0,-0.0598604
0.586172,-0.0396343,0,-0.0542251
0.590566,-0.0390222,0,-0.0485925
0.59499,-0.0384024,0,-0.0429645
0.599445,-0.037775,0,-0.0373435
0.603932,-0.0371402,0,-0.0317285
0.608451,-0.036498,0,-0.0261211
0.613001,-0.0358486,0,-0.0205193
0.617584,-0.0351922,0,-0.0149252
0.6222,-0.0345289,0,-0.00933807
0.626848,-0.0338588,0,-0.00376132
0.631529,-0.0331823,0,0.00180773
0.636244,-0.0324993,0,0.0073677
0.640992,-0.0318102,0,0.0129222
0.645774,-0.0311151,0,0.0184688
0.65059,-0.0304142,0,0.0240114
0.655441,-0.0297078,0,0.0295429
0.660326,-0.0289961,0,0.03506
0.665247,-0.0282795,0,0.0405534
0.670203,-0.0275582,0,0.0460227
0.675195,-0.0268326,0,0.0514591
0.680222,-0.0261029,0,0.0568643
0.685287,-0.0253695,0,0.0622321
0.690387,-0.0246327,0,0.067564
0.695525,-0.0238929,0,0.0728543
0.7007,-0.0231504,0,0.0781023
0.705912,-0.0224058,0,0.0833021
0.711163,-0.0216593,0,0.0884488
0.716452,-0.0209115,0,0.0935414
0.721779,-0.0201628,0,0.0985709
0.727146,-0.0194137,0,0.103532
0.732552,-0.0186649,0,0.108409
0.737998,-0.0179169,0,0.113196
0.743484,-0.0171703,0,0.117877
0.74901,-0.0164258,0,0.122445
0.754577,-0.0156839,0,0.126883
0.760186,-0.0149454,0,0.131181
0.765836,-0.0142108,0,0.135325
0.771528,-0.0134807,0,0.139327
0.777262,-0.0127556,0,0.143194
0.783039,-0.0120361,0,0.146934
0.788859,-0.0113227,0,0.150545
0.794722,-0.010616,0,0.154039
0.800629,-0.00991657,0,0.157417
0.80658,-0.00922524,0,0.160687
0.812576,-0.00854286,0,0.163828
0.818616,-0.00787036,0,0.166829
0.824702,-0.00720872,0,0.169671
0.830834,-0.00655905,0,0.172346
0.837011,-0.00592249,0,0.174825
0.843235,-0.0053003,0,0.177096
0.849506,-0.00469389,0,0.179122
0.855825,-0.00410477,0,0.180871
0.862191,-0.00353448,0,0.182303
0.868605,-0.00298459,0,0.183394
0.875067,-0.00245677,0,0.18411
0.881579,-0.00195314,0,0.184407
0.88814,-0.00147611,0,0.184173
0.89475,-0.00102812,0,0.183305
0.90141,-0.000611578,0,0.181711
0.908121,-0.00022906,0,0.179284
0.914882,0.000116392,0,0.175903
0.921694,0.000421562,0,0.171296
0.928558,0.000683409,0,0.16533
0.935472,0.000898717,0,0.157632
0.942438,0.00106336,0,0.148013
0.949455,0.00117245,0,0.135513
0.956524,0.00122013,0,0.119685
0.963644,0.00120117,0,0.0983219
0.970815,0.00111125,0,0.0707056
0.978036,0.000947191,0,0.0317584
0.985308,0.000707975,0,-0.0266916
0.992629,0.000392861,0,-0.0963425
