Points_0,Points_1,Points_2,Pressure_Coefficient
1,0,0,0.227569
0.992739,0.00151925,0,0.204315
0.985523,0.00298981,0,0.174117
0.978353,0.00442412,0,0.156364
0.971231,0.0058254,0,0.138792
0.964156,0.00719657,0,0.119914
0.957129,0.00853886,0,0.102443
0.950149,0.00985441,0,0.085164
0.943216,0.0111454,0,0.068472
0.936331,0.0124123,0,0.0521615
0.929492,0.0136555,0,0.0363471
0.9227,0.0148758,0,0.0209582
0.915955,0.0160741,0,0.00596934
0.909257,0.0172512,0,-0.00866055
0.902604,0.0184074,0,-0.0229039
0.895997,0.0195429,0,-0.0367817
0.889435,0.0206585,0,-0.0503453
0.882919,0.0217549,0,-0.0636504
0.876448,0.0228325,0,-0.0766967
0.870022,0.0238914,0,-0.0894821
0.86364,0.0249318,0,-0.102016
0.857303,0.0259541,0,-0.11434
0.851009,0.0269588,0,-0.126484
0.844759,0.0279463,0,-0.138472
0.838553,0.0289166,0,-0.150317
0.832389,0.0298701,0,-0.162032
0.826269,0.0308068,0,-0.173612
0.82019,0.0317268,0,-0.185051
0.814155,0.0326299,0,-0.196335
0.80816,0.0335165,0,-0.20748
0.802208,0.0343865,0,-0.218496
0.796297,0.0352404,0,-0.229404
0.790427,0.0360781,0,-0.240205
0.784597,0.0368999,0,-0.250893
0.778808,0.0377056,0,-0.261453
0.77306,0.0384955,0,-0.271884
0.767351,0.0392698,0,-0.282201
0.761682,0.0400286,0,-0.292425
0.756052,0.0407722,0,-0.302579
0.750462,0.0415009,0,-0.312668
0.74491,0.0422147,0,-0.322682
0.739397,0.0429137,0,-0.332609
0.733922,0.0435979,0,-0.342437
0.728485,0.0442674,0,-0.35217
0.723086,0.0449225,0,-0.361819
0.717725,0.0455634,0,-0.37139
0.712401,0.0461902,0,-0.380895
0.707114,0.0468031,0,-0.390347
0.701864,0.0474024,0,-0.399756
0.696651,0.0479881,0,-0.409131
0.691474,0.0485606,0,-0.418479
0.686333,0.0491198,0,-0.427807
0.681227,0.0496661,0,-0.437115
0.676158,0.0501994,0,-0.446401
0.671124,0.0507198,0,-0.455668
0.666124,0.0512276,0,-0.464911
0.66116,0.0517227,0,-0.474141
0.656231,0.0522054,0,-0.483361
0.651335,0.0526758,0,-0.492589
0.646474,0.053134,0,-0.501836
0.641647,0.0535801,0,-0.511106
0.636854,0.0540142,0,-0.520375
0.632094,0.0544364,0,-0.529621
0.627367,0.0548466,0,-0.538824
0.622674,0.055245,0,-0.547983
0.618013,0.0556315,0,-0.557107
0.613385,0.0560062,0,-0.566229
0.608789,0.0563692,0,-0.575376
0.604225,0.0567205,0,-0.584559
0.599693,0.0570602,0,-0.593757
0.595193,0.0573884,0,-0.602931
0.590724,0.057705,0,-0.612034
0.586286,0.0580102,0,-0.621026
0.58188,0.058304,0,-0.629857
0.577504,0.0585865,0,-0.638471
0.573159,0.0588577,0,-0.646817
0.568844,0.0591177,0,-0.654899
0.564559,0.0593668,0,-0.662738
0.560305,0.0596051,0,-0.670346
0.55608,0.0598328,0,-0.677728
0.551885,0.0600501,0,-0.684879
0.547719,0.0602572,0,-0.691787
0.543582,0.0604544,0,-0.698464
0.539475,0.0606418,0,-0.704921
0.535396,0.0608197,0,-0.711176
0.531346,0.0609883,0,-0.717216
0.527324,0.0611479,0,-0.723017
0.523331,0.0612986,0,-0.728537
0.519366,0.0614408,0,-0.733744
0.515429,0.0615746,0,-0.738624
0.511519,0.0617002,0,-0.743194
0.507637,0.0618179,0,-0.747482
0.503782,0.0619278,0,-0.75152
0.499954,0.0620302,0,-0.755325
0.496154,0.0621252,0,-0.758913
0.49238,0.0622132,0,-0.762305
0.488632,0.0622942,0,-0.765542
0.484912,0.0623685,0,-0.768673
0.481217,0.0624362,0,-0.771758
0.477548,0.0624977,0,-0.774859
0.473905,0.062553,0,-0.77806
0.470288,0.0626024,0,-0.781424
0.466697,0.0626459,0,-0.784955
0.46313,0.0626839,0,-0.788582
0.459589,0.0627164,0,-0.792202
0.456073,0.0627435,0,-0.795703
0.452581,0.0627656,0,-0.798977
0.449115,0.0627826,0,-0.80193
0.445672,0.0627948,0,-0.804501
0.442254,0.0628023,0,-0.806701
0.43886,0.0628052,0,-0.808618
0.43549,0.0628037,0,-0.810391
0.432143,0.0627979,0,-0.812136
0.42882,0.0627879,0,-0.813899
0.425521,0.0627738,0,-0.815633
0.422244,0.0627558,0,-0.817246
0.418991,0.0627339,0,-0.818664
0.415761,0.0627083,0,-0.81988
0.412553,0.0626791,0,-0.820927
0.409368,0.0626462,0,-0.821836
0.406205,0.0626099,0,-0.822601
0.403064,0.0625701,0,-0.823198
0.399946,0.0625271,0,-0.823602
0.396849,0.0624807,0,-0.823828
0.393774,0.0624312,0,-0.823925
0.390721,0.0623785,0,-0.823966
0.387689,0.0623228,0,-0.824
0.384678,0.062264,0,-0.824032
0.381689,0.0622023,0,-0.824026
0.37872,0.0621377,0,-0.823937
0.375772,0.0620703,0,-0.823732
0.372845,0.062,0,-0.823414
0.369938,0.0619271,0,-0.823014
0.367052,0.0618515,0,-0.822567
0.364185,0.0617733,0,-0.822095
0.361339,0.0616925,0,-0.821584
0.358513,0.0616092,0,-0.821014
0.355706,0.0615235,0,-0.820373
0.352919,0.0614354,0,-0.819685
0.350151,0.0613449,0,-0.818983
0.347403,0.0612522,0,-0.818292
0.344674,0.0611572,0,-0.817597
0.341963,0.06106,0,-0.816857
0.339272,0.0609606,0,-0.816016
0.336599,0.0608592,0,-0.81505
0.333945,0.0607556,0,-0.813975
0.33131,0.0606501,0,-0.812839
0.328692,0.0605425,0,-0.811683
0.326093,0.060433,0,-0.810526
0.323512,0.0603216,0,-0.809371
0.320949,0.0602084,0,-0.808241
0.318403,0.0600934,0,-0.807175
0.315875,0.0599766,0,-0.80621
0.313365,0.059858,0,-0.805343
0.310871,0.0597378,0,-0.804549
0.308396,0.059616,0,-0.803811
0.305937,0.0594925,0,-0.803126
0.303495,0.0593675,0,-0.802489
0.30107,0.0592409,0,-0.801895
0.298661,0.0591129,0,-0.801323
0.29627,0.0589834,0,-0.800752
0.293894,0.0588525,0,-0.800156
0.291535,0.0587202,0,-0.799518
0.289192,0.0585866,0,-0.798823
0.286866,0.0584517,0,-0.798068
0.284555,0.0583155,0,-0.797256
0.28226,0.0581781,0,-0.7964
0.27998,0.0580395,0,-0.79552
0.277717,0.0578996,0,-0.794647
0.275468,0.0577586,0,-0.793806
0.273235,0.0576164,0,-0.793016
0.271018,0.0574731,0,-0.792273
0.268815,0.0573286,0,-0.791554
0.266627,0.057183,0,-0.790817
0.264455,0.0570364,0,-0.790022
0.262297,0.0568887,0,-0.789143
0.260153,0.0567399,0,-0.788191
0.258024,0.0565901,0,-0.787208
0.25591,0.0564393,0,-0.786254
0.25381,0.0562875,0,-0.785362
0.251724,0.0561347,0,-0.784521
0.249652,0.055981,0,-0.783695
0.247594,0.0558264,0,-0.782861
0.24555,0.0556708,0,-0.782005
0.24352,0.0555143,0,-0.781119
0.241503,0.055357,0,-0.780185
0.2395,0.0551988,0,-0.77919
0.237511,0.0550398,0,-0.778143
0.235534,0.05488,0,-0.777061
0.233571,0.0547193,0,-0.775973
0.231621,0.0545579,0,-0.7749
0.229684,0.0543957,0,-0.773861
0.22776,0.0542328,0,-0.772862
0.225849,0.0540692,0,-0.771902
0.22395,0.0539048,0,-0.770973
0.222064,0.0537398,0,-0.770069
0.220191,0.0535741,0,-0.769188
0.21833,0.0534077,0,-0.768348
0.216481,0.0532407,0,-0.76757
0.214645,0.053073,0,-0.766863
0.21282,0.0529047,0,-0.766195
0.211008,0.0527358,0,-0.765502
0.209207,0.0525663,0,-0.764718
0.207419,0.0523962,0,-0.763807
0.205642,0.0522255,0,-0.762785
0.203877,0.0520542,0,-0.761715
0.202123,0.0518823,0,-0.760668
0.200381,0.0517099,0,-0.75969
0.19865,0.051537,0,-0.75878
0.19693,0.0513635,0,-0.757908
0.195221,0.0511895,0,-0.757033
0.193524,0.0510149,0,-0.756133
0.191837,0.0508399,0,-0.75522
0.190162,0.0506644,0,-0.754322
0.188497,0.0504884,0,-0.753463
0.186843,0.0503119,0,-0.752644
0.1852,0.0501349,0,-0.751853
0.183567,0.0499575,0,-0.751076
0.181944,0.0497797,0,-0.750314
0.180332,0.0496014,0,-0.749554
0.178731,0.0494227,0,-0.748777
0.177139,0.0492435,0,-0.747961
0.175558,0.0490639,0,-0.7471
0.173986,0.0488839,0,-0.746196
0.172425,0.0487034,0,-0.745255
0.170873,0.0485225,0,-0.744263
0.169331,0.0483412,0,-0.743208
0.167799,0.0481595,0,-0.742087
0.166277,0.0479774,0,-0.740929
0.164764,0.0477949,0,-0.739767
0.16326,0.0476119,0,-0.738629
0.161766,0.0474286,0,-0.737517
0.160281,0.0472448,0,-0.736404
0.158806,0.0470607,0,-0.735249
0.157339,0.0468762,0,-0.734034
0.155882,0.0466913,0,-0.732776
0.154434,0.0465061,0,-0.731517
0.152994,0.0463205,0,-0.730282
0.151563,0.0461345,0,-0.729073
0.150142,0.0459482,0,-0.727878
0.148728,0.0457615,0,-0.726686
0.147324,0.0455745,0,-0.725482
0.145928,0.0453871,0,-0.724258
0.14454,0.0451995,0,-0.723002
0.143161,0.0450115,0,-0.721721
0.14179,0.0448231,0,-0.72043
0.140427,0.0446345,0,-0.719152
0.139073,0.0444455,0,-0.7179
0.137726,0.0442562,0,-0.716675
0.136388,0.0440666,0,-0.715466
0.135058,0.0438767,0,-0.71426
0.133735,0.0436864,0,-0.713039
0.13242,0.0434959,0,-0.711795
0.131113,0.043305,0,-0.710534
0.129814,0.0431138,0,-0.70929
0.128522,0.0429224,0,-0.708089
0.127238,0.0427306,0,-0.706937
0.125961,0.0425385,0,-0.70581
0.124692,0.0423461,0,-0.704681
0.12343,0.0421534,0,-0.703529
0.122175,0.0419604,0,-0.702367
0.120927,0.041767,0,-0.70122
0.119687,0.0415734,0,-0.700115
0.118454,0.0413794,0,-0.699056
0.117227,0.0411851,0,-0.698025
0.116008,0.0409905,0,-0.696986
0.114795,0.0407956,0,-0.695918
0.11359,0.0406004,0,-0.694835
0.112391,0.0404048,0,-0.693766
0.111198,0.0402089,0,-0.692717
0.110013,0.0400127,0,-0.691673
0.108833,0.0398161,0,-0.690613
0.107661,0.0396192,0,-0.689537
0.106494,0.0394219,0,-0.68845
0.105335,0.0392243,0,-0.68736
0.104181,0.0390263,0,-0.686263
0.103034,0.0388279,0,-0.685156
0.101893,0.0386292,0,-0.684032
0.100758,0.0384301,0,-0.682895
0.0996288,0.0382306,0,-0.681751
0.098506,0.0380307,0,-0.680612
0.097389,0.0378304,0,-0.679479
0.096278,0.0376296,0,-0.678349
0.0951729,0.0374285,0,-0.677215
0.0940735,0.037227,0,-0.676081
0.0929798,0.037025,0,-0.674947
0.0918918,0.0368225,0,-0.673814
0.0908094,0.0366197,0,-0.672672
0.0897326,0.0364163,0,-0.671516
0.0886613,0.0362125,0,-0.670345
0.0875954,0.0360082,0,-0.669178
0.0865349,0.0358035,0,-0.668024
0.0854798,0.0355982,0,-0.666886
0.08443,0.0353925,0,-0.665754
0.0833853,0.0351862,0,-0.664623
0.0823459,0.0349794,0,-0.663492
0.0813116,0.0347721,0,-0.662369
0.0802823,0.0345643,0,-0.66125
0.0792581,0.0343558,0,-0.660126
0.0782389,0.0341468,0,-0.658981
0.0772245,0.0339372,0,-0.657825
0.0762151,0.033727,0,-0.656666
0.0752104,0.0335162,0,-0.655508
0.0742106,0.0333047,0,-0.654333
0.0732154,0.0330926,0,-0.653129
0.0722249,0.0328798,0,-0.651908
0.0712391,0.0326664,0,-0.650703
0.0702578,0.0324523,0,-0.649527
0.069281,0.0322375,0,-0.648365
0.0683087,0.0320219,0,-0.647188
0.0673408,0.0318056,0,-0.645977
0.0663773,0.0315885,0,-0.644724
0.0654182,0.0313706,0,-0.643449
0.0644634,0.0311519,0,-0.642163
0.0635128,0.0309324,0,-0.640867
0.0625664,0.030712,0,-0.639541
0.0616241,0.0304908,0,-0.638174
0.060686,0.0302686,0,-0.636775
0.0597519,0.0300455,0,-0.635383
0.0588219,0.0298215,0,-0.634027
0.0578958,0.0295966,0,-0.632711
0.0569737,0.0293706,0,-0.6314
0.0560555,0.0291437,0,-0.630069
0.0551412,0.0289157,0,-0.6287
0.0542306,0.0286866,0,-0.627305
0.0533239,0.0284564,0,-0.625893
0.0524209,0.028225,0,-0.624477
0.0515216,0.0279925,0,-0.623044
0.0506259,0.0277588,0,-0.621596
0.0497339,0.0275238,0,-0.620141
0.0488455,0.0272876,0,-0.61873
0.0479607,0.02705,0,-0.617408
0.0470793,0.0268112,0,-0.616179
0.0462015,0.026571,0,-0.614991
0.0453271,0.0263293,0,-0.613795
0.0444561,0.0260862,0,-0.612549
0.0435885,0.0258415,0,-0.611241
0.0427244,0.0255953,0,-0.609864
0.0418635,0.0253474,0,-0.608432
0.041006,0.0250977,0,-0.606963
0.0401517,0.0248464,0,-0.605493
0.0393008,0.0245932,0,-0.604065
0.038453,0.0243382,0,-0.602741
0.0376085,0.0240813,0,-0.60153
0.0367672,0.0238224,0,-0.600381
0.0359291,0.0235614,0,-0.599216
0.0350942,0.0232983,0,-0.597982
0.0342624,0.0230328,0,-0.596627
0.0334338,0.022765,0,-0.595124
0.0326084,0.0224947,0,-0.593444
0.0317862,0.0222218,0,-0.591591
0.0309671,0.0219462,0,-0.589585
0.0301512,0.0216678,0,-0.587503
0.0293385,0.0213866,0,-0.585425
0.0285289,0.0211023,0,-0.583341
0.0277226,0.020815,0,-0.581123
0.0269195,0.0205244,0,-0.57866
0.0261196,0.0202303,0,-0.575857
0.0253231,0.0199326,0,-0.572661
0.0245299,0.0196311,0,-0.569034
0.0237401,0.0193256,0,-0.564998
0.0229537,0.019016,0,-0.560643
0.0221708,0.0187022,0,-0.556189
0.0213914,0.018384,0,-0.55181
0.0206156,0.0180611,0,-0.547385
0.0198436,0.0177333,0,-0.542572
0.0190754,0.0174003,0,-0.537098
0.0183112,0.0170616,0,-0.530737
0.0175512,0.0167171,0,-0.523379
0.0167955,0.0163663,0,-0.515006
0.0160444,0.016009,0,-0.505795
0.0152979,0.0156449,0,-0.49605
0.0145563,0.0152737,0,-0.485838
0.0138199,0.0148949,0,-0.474702
0.0130889,0.014508,0,-0.462111
0.0123639,0.0141124,0,-0.447657
0.0116452,0.0137075,0,-0.431142
0.0109333,0.0132928,0,-0.412627
0.0102286,0.0128678,0,-0.392633
0.00953152,0.012432,0,-0.371688
0.00884279,0.0119848,0,-0.349285
0.00816329,0.0115252,0,-0.32413
0.00749407,0.0110521,0,-0.295281
0.00683627,0.0105645,0,-0.262181
0.0061911,0.0100614,0,-0.225067
0.00555984,0.00954194,0,-0.184907
0.00494392,0.00900533,0,-0.141391
0.00434557,0.00845005,0,-0.0924818
0.00376755,0.00787438,0,-0.0362938
0.00321289,0.00727683,0,0.0279517
0.00268485,0.00665621,0,0.0995706
0.00218691,0.0060117,0,0.177837
0.00172362,0.0053423,0,0.263974
0.00130111,0.00464682,0,0.359376
0.000926289,0.00392486,0,0.464172
0.00060661,0.00317712,0,0.57688
0.000349103,0.00240598,0,0.692182
0.000158708,0.00161573,0,0.803388
4.04813e-05,0.000811657,0,0.90567
2.45681e-10,7.00775e-11,0,0.994733
4.10564e-05,-0.000811628,0,1.06407
0.000159807,-0.00161563,0,1.11023
0.000350623,-0.00240577,0,1.13452
0.000608399,-0.00317683,0,1.13958
0.000928138,-0.00392454,0,1.12886
0.00130273,-0.00464662,0,1.10657
0.00172466,-0.00534244,0,1.07667
0.00218695,-0.00601253,0,1.0422
0.00268343,-0.00665815,0,1.00532
0.00320953,-0.0072804,0,0.967211
0.00376183,-0.00788011,0,0.929192
0.0043371,-0.0084585,0,0.892201
0.00493233,-0.00901709,0,0.856677
0.00554479,-0.00955759,0,0.822736
0.00617227,-0.0100815,0,0.790009
0.00681336,-0.0105897,0,0.75866
0.00746685,-0.0110831,0,0.728984
0.00813155,-0.0115624,0,0.701135
0.00880638,-0.0120288,0,0.674895
0.00949031,-0.0124831,0,0.650187
0.0101824,-0.0129265,0,0.62654
0.0108821,-0.0133596,0,0.603874
0.011589,-0.0137827,0,0.582273
0.0123025,-0.0141965,0,0.561883
0.0130223,-0.0146013,0,0.542587
0.013748,-0.0149978,0,0.524341
0.0144791,-0.0153864,0,0.506975
0.0152154,-0.0157678,0,0.49034
0.0159565,-0.0161424,0,0.474204
0.0167023,-0.0165103,0,0.458616
0.0174526,-0.016872,0,0.443662
0.0182073,-0.0172276,0,0.429374
0.0189663,-0.0175773,0,0.415696
0.0197293,-0.0179216,0,0.402621
0.0204962,-0.0182605,0,0.390067
0.021267,-0.0185945,0,0.37799
0.0220416,-0.0189238,0,0.366262
0.0228197,-0.0192485,0,0.354847
0.0236015,-0.0195689,0,0.343766
0.0243868,-0.019885,0,0.333082
0.0251756,-0.020197,0,0.322767
0.0259678,-0.0205051,0,0.312829
0.0267635,-0.0208095,0,0.303231
0.0275625,-0.0211101,0,0.293965
0.0283649,-0.0214073,0,0.284978
0.0291706,-0.0217012,0,0.276242
0.0299795,-0.0219919,0,0.267683
0.0307918,-0.0222796,0,0.259302
0.0316073,-0.0225642,0,0.251119
0.032426,-0.022846,0,0.243169
0.0332481,-0.0231249,0,0.235435
0.0340734,-0.0234011,0,0.227927
0.034902,-0.0236746,0,0.220623
0.0357339,-0.0239456,0,0.213527
0.036569,-0.0242141,0,0.20661
0.0374075,-0.0244802,0,0.199866
0.0382492,-0.024744,0,0.193254
0.0390943,-0.0250056,0,0.18676
0.0399427,-0.0252651,0,0.180376
0.0407945,-0.0255224,0,0.174135
0.0416496,-0.0257777,0,0.168031
0.0425082,-0.0260309,0,0.162075
0.0433702,-0.0262822,0,0.156254
0.0442356,-0.0265317,0,0.150576
0.0451045,-0.0267792,0,0.145023
0.0459769,-0.027025,0,0.139601
0.0468528,-0.027269,0,0.134286
0.0477323,-0.0275114,0,0.129078
0.0486154,-0.0277521,0,0.123949
0.0495021,-0.0279913,0,0.1189
0.0503924,-0.0282289,0,0.113932
0.0512864,-0.028465,0,0.109062
0.0521841,-0.0286996,0,0.104282
0.0530856,-0.0289328,0,0.0996017
0.0539908,-0.0291646,0,0.0950084
0.0548999,-0.029395,0,0.0905094
0.0558128,-0.0296241,0,0.0860908
0.0567297,-0.0298519,0,0.0817567
0.0576504,-0.0300784,0,0.0774903
0.0585751,-0.0303038,0,0.0732926
0.0595038,-0.0305279,0,0.0691415
0.0604366,-0.030751,0,0.0650389
0.0613734,-0.0309729,0,0.0609803
0.0623144,-0.0311937,0,0.0569839
0.0632595,-0.0314134,0,0.0530426
0.0642089,-0.0316321,0,0.0491655
0.0651625,-0.0318497,0,0.0453442
0.0661204,-0.0320664,0,0.0415849
0.0670826,-0.0322821,0,0.0378804
0.0680492,-0.0324968,0,0.0342317
0.0690203,-0.0327106,0,0.0306336
0.0699958,-0.0329235,0,0.02708
0.0709758,-0.0331355,0,0.0235684
0.0719604,-0.0333467,0,0.0200846
0.0729496,-0.033557,0,0.0166323
0.0739435,-0.0337666,0,0.0132117
0.0749421,-0.0339753,0,0.00983183
0.0759454,-0.0341833,0,0.0064891
0.0769535,-0.0343904,0,0.00318918
0.0779665,-0.0345969,0,-7.34084e-05
0.0789844,-0.0348026,0,-0.00329447
0.0800072,-0.0350075,0,-0.00648007
0.0810351,-0.0352118,0,-0.0096273
0.0820679,-0.0354154,0,-0.0127436
0.0831059,-0.0356183,0,-0.0158273
0.084149,-0.0358206,0,-0.0188878
0.0851974,-0.0360223,0,-0.0219257
0.086251,-0.0362233,0,-0.0249477
0.0873099,-0.0364237,0,-0.0279446
0.0883741,-0.0366236,0,-0.0309189
0.0894438,-0.0368228,0,-0.0338652
0.0905189,-0.0370215,0,-0.0367888
0.0915995,-0.0372196,0,-0.0396848
0.0926858,-0.0374172,0,-0.0425596
0.0937776,-0.0376143,0,-0.0454095
0.0948752,-0.0378108,0,-0.0482415
0.0959785,-0.0380068,0,-0.0510531
0.0970875,-0.0382023,0,-0.053853
0.0982025,-0.0383973,0,-0.05664
0.0993233,-0.0385918,0,-0.0594249
0.10045,-0.0387859,0,-0.0622038
0.101583,-0.0389796,0,-0.0649775
0.102722,-0.0391727,0,-0.0677367
0.103867,-0.0393654,0,-0.0704853
0.105018,-0.0395577,0,-0.0732175
0.106176,-0.0397495,0,-0.0759373
0.107339,-0.0399409,0,-0.0786403
0.10851,-0.0401318,0,-0.0813299
0.109686,-0.0403223,0,-0.0840046
0.110869,-0.0405124,0,-0.0866655
0.112059,-0.0407021,0,-0.0893163
0.113256,-0.0408913,0,-0.0919554
0.114459,-0.0410801,0,-0.0945907
0.115668,-0.0412685,0,-0.097218
0.116885,-0.0414565,0,-0.0998374
0.118108,-0.0416441,0,-0.102444
0.119339,-0.0418313,0,-0.105041
0.120576,-0.0420181,0,-0.107622
0.121821,-0.0422045,0,-0.11019
0.123072,-0.0423904,0,-0.112743
0.124331,-0.042576,0,-0.115282
0.125597,-0.0427611,0,-0.117806
0.12687,-0.0429458,0,-0.120316
0.128151,-0.0431301,0,-0.12281
0.12944,-0.043314,0,-0.125293
0.130735,-0.0434975,0,-0.12776
0.132039,-0.0436806,0,-0.130215
0.13335,-0.0438632,0,-0.132655
0.134669,-0.0440455,0,-0.135084
0.135995,-0.0442274,0,-0.137499
0.13733,-0.0444088,0,-0.139904
0.138672,-0.0445898,0,-0.142295
0.140023,-0.0447705,0,-0.144679
0.141381,-0.0449507,0,-0.147052
0.142748,-0.0451306,0,-0.14942
0.144123,-0.04531,0,-0.151781
0.145506,-0.045489,0,-0.154142
0.146898,-0.0456677,0,-0.156501
0.148298,-0.0458459,0,-0.158864
0.149706,-0.0460238,0,-0.161228
0.151123,-0.0462013,0,-0.163592
0.152549,-0.0463783,0,-0.165954
0.153984,-0.0465549,0,-0.168313
0.155427,-0.0467311,0,-0.170671
0.156879,-0.0469069,0,-0.173025
0.158341,-0.0470823,0,-0.17538
0.159811,-0.0472572,0,-0.177731
0.16129,-0.0474318,0,-0.180083
0.162779,-0.0476058,0,-0.182435
0.164277,-0.0477794,0,-0.18479
0.165784,-0.0479526,0,-0.187145
0.167301,-0.0481254,0,-0.189505
0.168827,-0.0482976,0,-0.191864
0.170363,-0.0484694,0,-0.194225
0.171908,-0.0486407,0,-0.196584
0.173464,-0.0488116,0,-0.198945
0.175029,-0.0489819,0,-0.201304
0.176604,-0.0491517,0,-0.203666
0.178189,-0.049321,0,-0.206028
0.179784,-0.0494898,0,-0.208394
0.181389,-0.0496581,0,-0.210763
0.183005,-0.0498259,0,-0.213139
0.184631,-0.049993,0,-0.21552
0.186267,-0.0501597,0,-0.21791
0.187914,-0.0503257,0,-0.220302
0.189571,-0.0504912,0,-0.222698
0.191239,-0.0506561,0,-0.225096
0.192918,-0.0508204,0,-0.227498
0.194608,-0.050984,0,-0.2299
0.196309,-0.051147,0,-0.232305
0.198021,-0.0513094,0,-0.234712
0.199744,-0.0514711,0,-0.237119
0.201478,-0.0516321,0,-0.239528
0.203224,-0.0517924,0,-0.241937
0.20498,-0.051952,0,-0.244348
0.206749,-0.0521109,0,-0.246761
0.208529,-0.052269,0,-0.24918
0.210321,-0.0524264,0,-0.251606
0.212124,-0.052583,0,-0.254043
0.21394,-0.0527389,0,-0.256491
0.215767,-0.052894,0,-0.258953
0.217607,-0.0530483,0,-0.261432
0.219458,-0.0532018,0,-0.263934
0.221322,-0.0533545,0,-0.26646
0.223198,-0.0535064,0,-0.26902
0.225087,-0.0536574,0,-0.271613
0.226988,-0.0538075,0,-0.274241
0.228902,-0.0539568,0,-0.276896
0.230829,-0.0541051,0,-0.27958
0.232769,-0.0542525,0,-0.282288
0.234721,-0.0543989,0,-0.285024
0.236687,-0.0545442,0,-0.287785
0.238666,-0.0546885,0,-0.290574
0.240658,-0.0548318,0,-0.293387
0.242664,-0.0549739,0,-0.29623
0.244683,-0.0551149,0,-0.2991
0.246715,-0.0552548,0,-0.302002
0.248762,-0.0553934,0,-0.304935
0.250822,-0.0555308,0,-0.307898
0.252896,-0.0556669,0,-0.310897
0.254984,-0.0558017,0,-0.313933
0.257086,-0.0559352,0,-0.317014
0.259203,-0.0560672,0,-0.32014
0.261334,-0.0561979,0,-0.323318
0.263479,-0.0563271,0,-0.326554
0.265639,-0.0564547,0,-0.329861
0.267814,-0.0565809,0,-0.333239
0.270003,-0.0567054,0,-0.336685
0.272208,-0.0568282,0,-0.340187
0.274427,-0.0569492,0,-0.343746
0.276662,-0.0570683,0,-0.347354
0.278912,-0.0571855,0,-0.351013
0.281177,-0.0573008,0,-0.35472
0.283458,-0.0574139,0,-0.358477
0.285755,-0.0575248,0,-0.362281
0.288067,-0.0576334,0,-0.366137
0.290395,-0.0577397,0,-0.370038
0.292739,-0.0578435,0,-0.373981
0.2951,-0.0579447,0,-0.377951
0.297477,-0.0580432,0,-0.381949
0.29987,-0.0581388,0,-0.385964
0.302279,-0.0582315,0,-0.389995
0.304706,-0.0583212,0,-0.394034
0.307149,-0.0584076,0,-0.398077
0.309609,-0.0584906,0,-0.402117
0.312086,-0.0585702,0,-0.40615
0.31458,-0.0586462,0,-0.410169
0.317091,-0.0587183,0,-0.414157
0.31962,-0.0587865,0,-0.418103
0.322166,-0.0588506,0,-0.421983
0.32473,-0.0589105,0,-0.425786
0.327312,-0.0589658,0,-0.429497
0.329912,-0.0590166,0,-0.433103
0.33253,-0.0590625,0,-0.436573
0.335166,-0.0591034,0,-0.439891
0.337821,-0.0591392,0,-0.443044
0.340493,-0.0591697,0,-0.446038
0.343185,-0.0591947,0,-0.448862
0.345895,-0.0592141,0,-0.45151
0.348624,-0.0592276,0,-0.453962
0.351372,-0.0592352,0,-0.456208
0.354139,-0.0592367,0,-0.458231
0.356925,-0.0592318,0,-0.460018
0.359731,-0.0592203,0,-0.461552
0.362556,-0.0592022,0,-0.462831
0.365401,-0.0591773,0,-0.463842
0.368266,-0.0591453,0,-0.464578
0.37115,-0.0591061,0,-0.46502
0.374055,-0.0590595,0,-0.465159
0.37698,-0.0590053,0,-0.464974
0.379925,-0.0589433,0,-0.464449
0.38289,-0.0588734,0,-0.463576
0.385876,-0.0587953,0,-0.46236
0.388883,-0.0587091,0,-0.460824
0.39191,-0.0586144,0,-0.458971
0.394959,-0.0585112,0,-0.456816
0.398029,-0.0583993,0,-0.454367
0.401119,-0.0582787,0,-0.45163
0.404232,-0.058149,0,-0.448589
0.407365,-0.0580102,0,-0.445246
0.410521,-0.0578622,0,-0.441607
0.413698,-0.0577048,0,-0.437693
0.416897,-0.057538,0,-0.433509
0.420118,-0.0573615,0,-0.429058
0.423362,-0.0571754,0,-0.424334
0.426627,-0.0569795,0,-0.419339
0.429915,-0.0567736,0,-0.414064
0.433226,-0.0565577,0,-0.408518
0.43656,-0.0563317,0,-0.402714
0.439917,-0.0560956,0,-0.396673
0.443296,-0.0558493,0,-0.390401
0.446699,-0.0555927,0,-0.38391
0.450125,-0.0553258,0,-0.377203
0.453575,-0.0550485,0,-0.37029
0.457049,-0.0547607,0,-0.363176
0.460546,-0.0544625,0,-0.355877
0.464068,-0.0541539,0,-0.348404
0.467613,-0.0538348,0,-0.340767
0.471183,-0.0535051,0,-0.332975
0.474778,-0.053165,0,-0.325035
0.478397,-0.0528144,0,-0.316961
0.482041,-0.0524533,0,-0.308765
0.485711,-0.0520818,0,-0.300461
0.489405,-0.0516999,0,-0.292057
0.493125,-0.0513076,0,-0.283565
0.49687,-0.050905,0,-0.274994
0.500642,-0.0504922,0,-0.266354
0.504439,-0.0500692,0,-0.257654
0.508263,-0.0496361,0,-0.248905
0.512113,-0.0491931,0,-0.240123
0.515989,-0.0487401,0,-0.231318
0.519893,-0.0482774,0,-0.222506
0.523823,-0.0478051,0,-0.213697
0.527781,-0.0473233,0,-0.204908
0.531766,-0.0468321,0,-0.196145
0.535779,-0.0463315,0,-0.187403
0.539819,-0.0458217,0,-0.178679
0.543888,-0.0453028,0,-0.169976
0.547985,-0.0447748,0,-0.161296
0.552111,-0.0442378,0,-0.15264
0.556265,-0.043692,0,-0.144014
0.560449,-0.0431375,0,-0.135418
0.564662,-0.0425744,0,-0.126857
0.568904,-0.0420027,0,-0.118331
0.573176,-0.0414228,0,-0.10985
0.577478,-0.0408347,0,-0.101413
0.58181,-0.0402385,0,-0.0930251
0.586172,-0.0396343,0,-0.0846762
0.590566,-0.0390222,0,-0.0763655
0.59499,-0.0384024,0,-0.0680937
0.599445,-0.037775,0,-0.0598634
0.603932,-0.0371402,0,-0.051671
0.608451,-0.036498,0,-0.0435188
0.613001,-0.0358486,0,-0.035402
0.617584,-0.0351922,0,-0.0273231
0.6222,-0.0345289,0,-0.0192783
0.626848,-0.0338588,0,-0.0112715
0.631529,-0.0331823,0,-0.00329748
0.636244,-0.0324993,0,0.00464082
0.640992,-0.0318102,0,0.0125495
0.645774,-0.0311151,0,0.0204244
0.65059,-0.0304142,0,0.0282719
0.655441,-0.0297078,0,0.036084
0.660326,-0.0289961,0,0.0438616
0.665247,-0.0282795,0,0.0515947
0.670203,-0.0275582,0,0.0592866
0.675195,-0.0268326,0,0.0669279
0.680222,-0.0261029,0,0.0745235
0.685287,-0.0253695,0,0.0820664
0.690387,-0.0246327,0,0.0895608
0.695525,-0.0238929,0,0.097001
0.7007,-0.0231504,0,0.104388
0.705912,-0.0224058,0,0.111718
0.711163,-0.0216593,0,0.118987
0.716452,-0.0209115,0,0.126197
0.721779,-0.0201628,0,0.133338
0.727146,-0.0194137,0,0.140413
0.732552,-0.0186649,0,0.147405
0.737998,-0.0179169,0,0.154315
0.743484,-0.0171703,0,0.161128
0.74901,-0.0164258,0,0.167845
0.754577,-0.0156839,0,0.174451
0.760186,-0.0149454,0,0.180945
0.765836,-0.0142108,0,0.187314
0.771528,-0.0134807,0,0.193575
0.777262,-0.0127556,0,0.199728
0.783039,-0.0120361,0,0.20579
0.788859,-0.0113227,0,0.211754
0.794722,-0.010616,0,0.217639
0.800629,-0.00991657,0,0.223439
0.80658,-0.00922524,0,0.229172
0.812576,-0.00854286,0,0.234818
0.818616,-0.00787036,0,0.240379
0.824702,-0.00720872,0,0.245839
0.830834,-0.00655905,0,0.251202
0.837011,-0.00592249,0,0.256443
0.843235,-0.0053003,0,0.26157
0.849506,-0.00469389,0,0.266551
0.855825,-0.00410477,0,0.271381
0.862191,-0.00353448,0,0.27603
0.868605,-0.00298459,0,0.2805
0.875067,-0.00245677,0,0.284764
0.881579,-0.00195314,0,0.288819
0.88814,-0.00147611,0,0.292592
0.89475,-0.00102812,0,0.29605
0.90141,-0.000611578,0,0.299136
0.908121,-0.00022906,0,0.301831
0.914882,0.000116392,0,0.304064
0.921694,0.000421562,0,0.30576
0.928558,0.000683409,0,0.306805
0.935472,0.000898717,0,0.307191
0.942438,0.00106336,0,0.306681
0.949455,0.00117245,0,0.305226
0.956524,0.00122013,0,0.302228
0.963644,0.00120117,0,0.297658
0.970815,0.00111125,0,0.290427
0.978036,0.000947191,0,0.280454
0.985308,0.000707975,0,0.264357
0.992629,0.000392861,0,0.253135
