Points_0,Points_1,Points_2,Pressure_Coefficient
1,0,0,-0.660751
0.992739,0.00151925,0,-0.628803
0.985523,0.00298981,0,-0.654393
0.978353,0.00442412,0,-0.645629
0.971231,0.0058254,0,-0.646944
0.964156,0.00719657,0,-0.646399
0.957129,0.00853886,0,-0.647437
0.950149,0.00985441,0,-0.648881
0.943216,0.0111454,0,-0.650965
0.936331,0.0124123,0,-0.65345
0.929492,0.0136555,0,-0.656284
0.9227,0.0148758,0,-0.659342
0.915955,0.0160741,0,-0.662565
0.909257,0.0172512,0,-0.665876
0.902604,0.0184074,0,-0.669229
0.895997,0.0195429,0,-0.672573
0.889435,0.0206585,0,-0.675868
0.882919,0.0217549,0,-0.679088
0.876448,0.0228325,0,-0.68221
0.870022,0.0238914,0,-0.685212
0.86364,0.0249318,0,-0.688076
0.857303,0.0259541,0,-0.690786
0.851009,0.0269588,0,-0.693342
0.844759,0.0279463,0,-0.695731
0.838553,0.0289166,0,-0.697962
0.832389,0.0298701,0,-0.700019
0.826269,0.0308068,0,-0.701919
0.82019,0.0317268,0,-0.703649
0.814155,0.0326299,0,-0.705222
0.80816,0.0335165,0,-0.706634
0.802208,0.0343865,0,-0.707897
0.796297,0.0352404,0,-0.709015
0.790427,0.0360781,0,-0.709999
0.784597,0.0368999,0,-0.710852
0.778808,0.0377056,0,-0.711585
0.77306,0.0384955,0,-0.7122
0.767351,0.0392698,0,-0.712709
0.761682,0.0400286,0,-0.713118
0.756052,0.0407722,0,-0.713439
0.750462,0.0415009,0,-0.713678
0.74491,0.0422147,0,-0.713845
0.739397,0.0429137,0,-0.713944
0.733922,0.0435979,0,-0.713982
0.728485,0.0442674,0,-0.713964
0.723086,0.0449225,0,-0.713896
0.717725,0.0455634,0,-0.713789
0.712401,0.0461902,0,-0.713641
0.707114,0.0468031,0,-0.713471
0.701864,0.0474024,0,-0.713264
0.696651,0.0479881,0,-0.713052
0.691474,0.0485606,0,-0.712807
0.686333,0.0491198,0,-0.712566
0.681227,0.0496661,0,-0.712303
0.676158,0.0501994,0,-0.712042
0.671124,0.0507198,0,-0.711772
0.666124,0.0512276,0,-0.711503
0.66116,0.0517227,0,-0.711232
0.656231,0.0522054,0,-0.710965
0.651335,0.0526758,0,-0.7107
0.646474,0.053134,0,-0.710443
0.641647,0.0535801,0,-0.710191
0.636854,0.0540142,0,-0.709949
0.632094,0.0544364,0,-0.709714
0.627367,0.0548466,0,-0.709489
0.622674,0.055245,0,-0.709271
0.618013,0.0556315,0,-0.709063
0.613385,0.0560062,0,-0.708863
0.608789,0.0563692,0,-0.708673
0.604225,0.0567205,0,-0.70849
0.599693,0.0570602,0,-0.708318
0.595193,0.0573884,0,-0.708152
0.590724,0.057705,0,-0.707998
0.586286,0.0580102,0,-0.707848
0.58188,0.058304,0,-0.707713
0.577504,0.0585865,0,-0.707578
0.573159,0.0588577,0,-0.707461
0.568844,0.0591177,0,-0.70734
0.564559,0.0593668,0,-0.707236
0.560305,0.0596051,0,-0.707133
0.55608,0.0598328,0,-0.707044
0.551885,0.0600501,0,-0.706961
0.547719,0.0602572,0,-0.706889
0.543582,0.0604544,0,-0.706826
0.539475,0.0606418,0,-0.706774
0.535396,0.0608197,0,-0.706733
0.531346,0.0609883,0,-0.706705
0.527324,0.0611479,0,-0.706689
0.523331,0.0612986,0,-0.706688
0.519366,0.0614408,0,-0.706699
0.515429,0.0615746,0,-0.706726
0.511519,0.0617002,0,-0.706768
0.507637,0.0618179,0,-0.706825
0.503782,0.0619278,0,-0.706897
0.499954,0.0620302,0,-0.706984
0.496154,0.0621252,0,-0.707088
0.49238,0.0622132,0,-0.707205
0.488632,0.0622942,0,-0.707342
0.484912,0.0623685,0,-0.707487
0.481217,0.0624362,0,-0.707657
0.477548,0.0624977,0,-0.707828
0.473905,0.062553,0,-0.708029
0.470288,0.0626024,0,-0.708226
0.466697,0.0626459,0,-0.708452
0.46313,0.0626839,0,-0.708676
0.459589,0.0627164,0,-0.708921
0.456073,0.0627435,0,-0.709169
0.452581,0.0627656,0,-0.709431
0.449115,0.0627826,0,-0.709698
0.445672,0.0627948,0,-0.709973
0.442254,0.0628023,0,-0.710254
0.43886,0.0628052,0,-0.710542
0.43549,0.0628037,0,-0.710833
0.432143,0.0627979,0,-0.711129
0.42882,0.0627879,0,-0.711428
0.425521,0.0627738,0,-0.711729
0.422244,0.0627558,0,-0.712033
0.418991,0.0627339,0,-0.712338
0.415761,0.0627083,0,-0.712644
0.412553,0.0626791,0,-0.712951
0.409368,0.0626462,0,-0.713258
0.406205,0.0626099,0,-0.713562
0.403064,0.0625701,0,-0.713869
0.399946,0.0625271,0,-0.714168
0.396849,0.0624807,0,-0.714476
0.393774,0.0624312,0,-0.714767
0.390721,0.0623785,0,-0.715074
0.387689,0.0623228,0,-0.715359
0.384678,0.062264,0,-0.715658
0.381689,0.0622023,0,-0.71594
0.37872,0.0621377,0,-0.716228
0.375772,0.0620703,0,-0.716505
0.372845,0.062,0,-0.716783
0.369938,0.0619271,0,-0.717053
0.367052,0.0618515,0,-0.717322
0.364185,0.0617733,0,-0.717585
0.361339,0.0616925,0,-0.717845
0.358513,0.0616092,0,-0.718101
0.355706,0.0615235,0,-0.718355
0.352919,0.0614354,0,-0.718605
0.350151,0.0613449,0,-0.718854
0.347403,0.0612522,0,-0.719099
0.344674,0.0611572,0,-0.719344
0.341963,0.06106,0,-0.719586
0.339272,0.0609606,0,-0.719828
0.336599,0.0608592,0,-0.720067
0.333945,0.0607556,0,-0.720307
0.33131,0.0606501,0,-0.720544
0.328692,0.0605425,0,-0.720783
0.326093,0.060433,0,-0.721017
0.323512,0.0603216,0,-0.721257
0.320949,0.0602084,0,-0.721486
0.318403,0.0600934,0,-0.721727
0.315875,0.0599766,0,-0.721954
0.313365,0.059858,0,-0.722193
0.310871,0.0597378,0,-0.72242
0.308396,0.059616,0,-0.722653
0.305937,0.0594925,0,-0.722879
0.303495,0.0593675,0,-0.723107
0.30107,0.0592409,0,-0.72333
0.298661,0.0591129,0,-0.723554
0.29627,0.0589834,0,-0.723774
0.293894,0.0588525,0,-0.723993
0.291535,0.0587202,0,-0.724209
0.289192,0.0585866,0,-0.724425
0.286866,0.0584517,0,-0.724637
0.284555,0.0583155,0,-0.72485
0.28226,0.0581781,0,-0.725059
0.27998,0.0580395,0,-0.725268
0.277717,0.0578996,0,-0.725474
0.275468,0.0577586,0,-0.725679
0.273235,0.0576164,0,-0.725882
0.271018,0.0574731,0,-0.726084
0.268815,0.0573286,0,-0.726285
0.266627,0.057183,0,-0.726483
0.264455,0.0570364,0,-0.726685
0.262297,0.0568887,0,-0.726879
0.260153,0.0567399,0,-0.727084
0.258024,0.0565901,0,-0.727273
0.25591,0.0564393,0,-0.727482
0.25381,0.0562875,0,-0.727671
0.251724,0.0561347,0,-0.727881
0.249652,0.055981,0,-0.728075
0.247594,0.0558264,0,-0.728282
0.24555,0.0556708,0,-0.728481
0.24352,0.0555143,0,-0.728686
0.241503,0.055357,0,-0.72889
0.2395,0.0551988,0,-0.729096
0.237511,0.0550398,0,-0.729302
0.235534,0.05488,0,-0.729512
0.233571,0.0547193,0,-0.729721
0.231621,0.0545579,0,-0.729933
0.229684,0.0543957,0,-0.730144
0.22776,0.0542328,0,-0.730358
0.225849,0.0540692,0,-0.730572
0.22395,0.0539048,0,-0.730788
0.222064,0.0537398,0,-0.731003
0.220191,0.0535741,0,-0.731219
0.21833,0.0534077,0,-0.731434
0.216481,0.0532407,0,-0.731649
0.214645,0.053073,0,-0.731864
0.21282,0.0529047,0,-0.732075
0.211008,0.0527358,0,-0.732289
0.209207,0.0525663,0,-0.732494
0.207419,0.0523962,0,-0.732709
0.205642,0.0522255,0,-0.732904
0.203877,0.0520542,0,-0.733118
0.202123,0.0518823,0,-0.733306
0.200381,0.0517099,0,-0.733511
0.19865,0.051537,0,-0.733696
0.19693,0.0513635,0,-0.733888
0.195221,0.0511895,0,-0.734067
0.193524,0.0510149,0,-0.734246
0.191837,0.0508399,0,-0.734417
0.190162,0.0506644,0,-0.734586
0.188497,0.0504884,0,-0.734749
0.186843,0.0503119,0,-0.73491
0.1852,0.0501349,0,-0.735065
0.183567,0.0499575,0,-0.73522
0.181944,0.0497797,0,-0.73537
0.180332,0.0496014,0,-0.735521
0.178731,0.0494227,0,-0.73567
0.177139,0.0492435,0,-0.735819
0.175558,0.0490639,0,-0.735967
0.173986,0.0488839,0,-0.736118
0.172425,0.0487034,0,-0.736269
0.170873,0.0485225,0,-0.736424
0.169331,0.0483412,0,-0.736579
0.167799,0.0481595,0,-0.73674
0.166277,0.0479774,0,-0.736902
0.164764,0.0477949,0,-0.737071
0.16326,0.0476119,0,-0.737241
0.161766,0.0474286,0,-0.737419
0.160281,0.0472448,0,-0.737596
0.158806,0.0470607,0,-0.737785
0.157339,0.0468762,0,-0.737968
0.155882,0.0466913,0,-0.738168
0.154434,0.0465061,0,-0.738357
0.152994,0.0463205,0,-0.738562
0.151563,0.0461345,0,-0.738759
0.150142,0.0459482,0,-0.738961
0.148728,0.0457615,0,-0.739159
0.147324,0.0455745,0,-0.739358
0.145928,0.0453871,0,-0.739553
0.14454,0.0451995,0,-0.739746
0.143161,0.0450115,0,-0.739934
0.14179,0.0448231,0,-0.74012
0.140427,0.0446345,0,-0.740299
0.139073,0.0444455,0,-0.740476
0.137726,0.0442562,0,-0.740645
0.136388,0.0440666,0,-0.740812
0.135058,0.0438767,0,-0.740972
0.133735,0.0436864,0,-0.741129
0.13242,0.0434959,0,-0.74128
0.131113,0.043305,0,-0.741428
0.129814,0.0431138,0,-0.741571
0.128522,0.0429224,0,-0.741714
0.127238,0.0427306,0,-0.741852
0.125961,0.0425385,0,-0.741992
0.124692,0.0423461,0,-0.742129
0.12343,0.0421534,0,-0.742271
0.122175,0.0419604,0,-0.742413
0.120927,0.041767,0,-0.742561
0.119687,0.0415734,0,-0.742709
0.118454,0.0413794,0,-0.742869
0.117227,0.0411851,0,-0.743027
0.116008,0.0409905,0,-0.743205
0.114795,0.0407956,0,-0.743375
0.11359,0.0406004,0,-0.743573
0.112391,0.0404048,0,-0.74376
0.111198,0.0402089,0,-0.743975
0.110013,0.0400127,0,-0.744183
0.108833,0.0398161,0,-0.744408
0.107661,0.0396192,0,-0.744633
0.106494,0.0394219,0,-0.744868
0.105335,0.0392243,0,-0.745103
0.104181,0.0390263,0,-0.745346
0.103034,0.0388279,0,-0.745587
0.101893,0.0386292,0,-0.745834
0.100758,0.0384301,0,-0.746078
0.0996288,0.0382306,0,-0.746325
0.098506,0.0380307,0,-0.746568
0.097389,0.0378304,0,-0.746815
0.096278,0.0376296,0,-0.747055
0.0951729,0.0374285,0,-0.747301
0.0940735,0.037227,0,-0.747541
0.0929798,0.037025,0,-0.747788
0.0918918,0.0368225,0,-0.748033
0.0908094,0.0366197,0,-0.748291
0.0897326,0.0364163,0,-0.74855
0.0886613,0.0362125,0,-0.748828
0.0875954,0.0360082,0,-0.749115
0.0865349,0.0358035,0,-0.749425
0.0854798,0.0355982,0,-0.749751
0.08443,0.0353925,0,-0.750105
0.0833853,0.0351862,0,-0.750481
0.0823459,0.0349794,0,-0.750888
0.0813116,0.0347721,0,-0.751322
0.0802823,0.0345643,0,-0.751789
0.0792581,0.0343558,0,-0.752286
0.0782389,0.0341468,0,-0.752822
0.0772245,0.0339372,0,-0.75339
0.0762151,0.033727,0,-0.754005
0.0752104,0.0335162,0,-0.754652
0.0742106,0.0333047,0,-0.755363
0.0732154,0.0330926,0,-0.756097
0.0722249,0.0328798,0,-0.756916
0.0712391,0.0326664,0,-0.757747
0.0702578,0.0324523,0,-0.758675
0.069281,0.0322375,0,-0.759624
0.0683087,0.0320219,0,-0.760656
0.0673408,0.0318056,0,-0.761734
0.0663773,0.0315885,0,-0.762894
0.0654182,0.0313706,0,-0.764115
0.0644634,0.0311519,0,-0.765432
0.0635128,0.0309324,0,-0.766819
0.0625664,0.030712,0,-0.768318
0.0616241,0.0304908,0,-0.769896
0.060686,0.0302686,0,-0.771593
0.0597519,0.0300455,0,-0.773375
0.0588219,0.0298215,0,-0.775272
0.0578958,0.0295966,0,-0.777242
0.0569737,0.0293706,0,-0.779321
0.0560555,0.0291437,0,-0.781443
0.0551412,0.0289157,0,-0.783642
0.0542306,0.0286866,0,-0.785833
0.0533239,0.0284564,0,-0.788029
0.0524209,0.028225,0,-0.790136
0.0515216,0.0279925,0,-0.792174
0.0506259,0.0277588,0,-0.79403
0.0497339,0.0275238,0,-0.795747
0.0488455,0.0272876,0,-0.797192
0.0479607,0.02705,0,-0.798427
0.0470793,0.0268112,0,-0.799307
0.0462015,0.026571,0,-0.799919
0.0453271,0.0263293,0,-0.80011
0.0444561,0.0260862,0,-0.800001
0.0435885,0.0258415,0,-0.799459
0.0427244,0.0255953,0,-0.798647
0.0418635,0.0253474,0,-0.797501
0.041006,0.0250977,0,-0.796226
0.0401517,0.0248464,0,-0.794782
0.0393008,0.0245932,0,-0.79339
0.038453,0.0243382,0,-0.792011
0.0376085,0.0240813,0,-0.790852
0.0367672,0.0238224,0,-0.789892
0.0359291,0.0235614,0,-0.789272
0.0350942,0.0232983,0,-0.788973
0.0342624,0.0230328,0,-0.789044
0.0334338,0.022765,0,-0.789449
0.0326084,0.0224947,0,-0.790124
0.0317862,0.0222218,0,-0.791011
0.0309671,0.0219462,0,-0.791999
0.0301512,0.0216678,0,-0.793057
0.0293385,0.0213866,0,-0.794111
0.0285289,0.0211023,0,-0.795198
0.0277226,0.020815,0,-0.796293
0.0269195,0.0205244,0,-0.797456
0.0261196,0.0202303,0,-0.798672
0.0253231,0.0199326,0,-0.799994
0.0245299,0.0196311,0,-0.80139
0.0237401,0.0193256,0,-0.802883
0.0229537,0.019016,0,-0.804431
0.0221708,0.0187022,0,-0.80607
0.0213914,0.018384,0,-0.807792
0.0206156,0.0180611,0,-0.80963
0.0198436,0.0177333,0,-0.811555
0.0190754,0.0174003,0,-0.8136
0.0183112,0.0170616,0,-0.815804
0.0175512,0.0167171,0,-0.818181
0.0167955,0.0163663,0,-0.820732
0.0160444,0.016009,0,-0.823524
0.0152979,0.0156449,0,-0.826574
0.0145563,0.0152737,0,-0.829897
0.0138199,0.0148949,0,-0.833582
0.0130889,0.014508,0,-0.837689
0.0123639,0.0141124,0,-0.842231
0.0116452,0.0137075,0,-0.847324
0.0109333,0.0132928,0,-0.853013
0.0102286,0.0128678,0,-0.859478
0.00953152,0.012432,0,-0.866972
0.00884279,0.0119848,0,-0.875935
0.00816329,0.0115252,0,-0.886944
0.00749407,0.0110521,0,-0.900571
0.00683627,0.0105645,0,-0.917212
0.0061911,0.0100614,0,-0.93675
0.00555984,0.00954194,0,-0.95809
0.00494392,0.00900533,0,-0.981837
0.00434557,0.00845005,0,-1.02174
0.00376755,0.00787438,0,-1.14487
0.00321289,0.00727683,0,-1.39037
0.00268485,0.00665621,0,-1.5579
0.00218691,0.0060117,0,-1.57142
0.00172362,0.0053423,0,-1.5068
0.00130111,0.00464682,0,-1.40789
0.000926289,0.00392486,0,-1.28645
0.00060661,0.00317712,0,-1.1424
0.000349103,0.00240598,0,-0.98002
0.000158708,0.00161573,0,-0.802972
4.04813e-05,0.000811657,0,-0.609962
2.45681e-10,7.00775e-11,0,-0.398529
4.10564e-05,-0.000811628,0,-0.179033
0.000159807,-0.00161563,0,0.0304631
0.000350623,-0.00240577,0,0.221044
0.000608399,-0.00317683,0,0.391573
0.000928138,-0.00392454,0,0.541019
0.00130273,-0.00464662,0,0.667712
0.00172466,-0.00534244,0,0.772408
0.00218695,-0.00601253,0,0.856977
0.00268343,-0.00665815,0,0.924406
0.00320953,-0.0072804,0,0.97803
0.00376183,-0.00788011,0,1.02048
0.0043371,-0.0084585,0,1.05367
0.00493233,-0.00901709,0,1.07928
0.00554479,-0.00955759,0,1.09863
0.00617227,-0.0100815,0,1.11296
0.00681336,-0.0105897,0,1.12332
0.00746685,-0.0110831,0,1.13025
0.00813155,-0.0115624,0,1.13464
0.00880638,-0.0120288,0,1.13675
0.00949031,-0.0124831,0,1.13736
0.0101824,-0.0129265,0,1.1365
0.0108821,-0.0133596,0,1.1348
0.011589,-0.0137827,0,1.13209
0.0123025,-0.0141965,0,1.12884
0.0130223,-0.0146013,0,1.12484
0.013748,-0.0149978,0,1.12045
0.0144791,-0.0153864,0,1.11551
0.0152154,-0.0157678,0,1.1103
0.0159565,-0.0161424,0,1.10468
0.0167023,-0.0165103,0,1.09887
0.0174526,-0.016872,0,1.09277
0.0182073,-0.0172276,0,1.08658
0.0189663,-0.0175773,0,1.08019
0.0197293,-0.0179216,0,1.07377
0.0204962,-0.0182605,0,1.06723
0.021267,-0.0185945,0,1.06069
0.0220416,-0.0189238,0,1.05406
0.0228197,-0.0192485,0,1.04745
0.0236015,-0.0195689,0,1.04078
0.0243868,-0.019885,0,1.03417
0.0251756,-0.020197,0,1.02753
0.0259678,-0.0205051,0,1.02096
0.0267635,-0.0208095,0,1.01438
0.0275625,-0.0211101,0,1.00788
0.0283649,-0.0214073,0,1.00138
0.0291706,-0.0217012,0,0.994963
0.0299795,-0.0219919,0,0.988542
0.0307918,-0.0222796,0,0.982189
0.0316073,-0.0225642,0,0.975848
0.032426,-0.022846,0,0.969591
0.0332481,-0.0231249,0,0.963354
0.0340734,-0.0234011,0,0.957206
0.034902,-0.0236746,0,0.951083
0.0357339,-0.0239456,0,0.945048
0.036569,-0.0242141,0,0.939039
0.0374075,-0.0244802,0,0.933113
0.0382492,-0.024744,0,0.927208
0.0390943,-0.0250056,0,0.921374
0.0399427,-0.0252651,0,0.915557
0.0407945,-0.0255224,0,0.909816
0.0416496,-0.0257777,0,0.904102
0.0425082,-0.0260309,0,0.898464
0.0433702,-0.0262822,0,0.892856
0.0442356,-0.0265317,0,0.887322
0.0451045,-0.0267792,0,0.881818
0.0459769,-0.027025,0,0.876386
0.0468528,-0.027269,0,0.870979
0.0477323,-0.0275114,0,0.865639
0.0486154,-0.0277521,0,0.860319
0.0495021,-0.0279913,0,0.855057
0.0503924,-0.0282289,0,0.849814
0.0512864,-0.028465,0,0.844636
0.0521841,-0.0286996,0,0.83948
0.0530856,-0.0289328,0,0.834387
0.0539908,-0.0291646,0,0.829318
0.0548999,-0.029395,0,0.824309
0.0558128,-0.0296241,0,0.819323
0.0567297,-0.0298519,0,0.814395
0.0576504,-0.0300784,0,0.809486
0.0585751,-0.0303038,0,0.80463
0.0595038,-0.0305279,0,0.799786
0.0604366,-0.030751,0,0.794988
0.0613734,-0.0309729,0,0.790202
0.0623144,-0.0311937,0,0.785465
0.0632595,-0.0314134,0,0.780745
0.0642089,-0.0316321,0,0.776072
0.0651625,-0.0318497,0,0.771417
0.0661204,-0.0320664,0,0.766806
0.0670826,-0.0322821,0,0.762217
0.0680492,-0.0324968,0,0.757664
0.0690203,-0.0327106,0,0.753138
0.0699958,-0.0329235,0,0.748635
0.0709758,-0.0331355,0,0.744164
0.0719604,-0.0333467,0,0.739704
0.0729496,-0.033557,0,0.735273
0.0739435,-0.0337666,0,0.730855
0.0749421,-0.0339753,0,0.726469
0.0759454,-0.0341833,0,0.722097
0.0769535,-0.0343904,0,0.717757
0.0779665,-0.0345969,0,0.713432
0.0789844,-0.0348026,0,0.709138
0.0800072,-0.0350075,0,0.704857
0.0810351,-0.0352118,0,0.700607
0.0820679,-0.0354154,0,0.696369
0.0831059,-0.0356183,0,0.692158
0.084149,-0.0358206,0,0.687955
0.0851974,-0.0360223,0,0.683776
0.086251,-0.0362233,0,0.679602
0.0873099,-0.0364237,0,0.675452
0.0883741,-0.0366236,0,0.671309
0.0894438,-0.0368228,0,0.667192
0.0905189,-0.0370215,0,0.663081
0.0915995,-0.0372196,0,0.658995
0.0926858,-0.0374172,0,0.654915
0.0937776,-0.0376143,0,0.650858
0.0948752,-0.0378108,0,0.646805
0.0959785,-0.0380068,0,0.642773
0.0970875,-0.0382023,0,0.638743
0.0982025,-0.0383973,0,0.634731
0.0993233,-0.0385918,0,0.630715
0.10045,-0.0387859,0,0.626714
0.101583,-0.0389796,0,0.62271
0.102722,-0.0391727,0,0.618724
0.103867,-0.0393654,0,0.614738
0.105018,-0.0395577,0,0.610769
0.106176,-0.0397495,0,0.606802
0.107339,-0.0399409,0,0.60285
0.10851,-0.0401318,0,0.598902
0.109686,-0.0403223,0,0.594964
0.110869,-0.0405124,0,0.591035
0.112059,-0.0407021,0,0.587109
0.113256,-0.0408913,0,0.583194
0.114459,-0.0410801,0,0.579275
0.115668,-0.0412685,0,0.575367
0.116885,-0.0414565,0,0.571456
0.118108,-0.0416441,0,0.567557
0.119339,-0.0418313,0,0.563658
0.120576,-0.0420181,0,0.559771
0.121821,-0.0422045,0,0.555884
0.123072,-0.0423904,0,0.552009
0.124331,-0.042576,0,0.548135
0.125597,-0.0427611,0,0.544272
0.12687,-0.0429458,0,0.54041
0.128151,-0.0431301,0,0.536559
0.12944,-0.043314,0,0.532708
0.130735,-0.0434975,0,0.528867
0.132039,-0.0436806,0,0.525025
0.13335,-0.0438632,0,0.521195
0.134669,-0.0440455,0,0.517362
0.135995,-0.0442274,0,0.513539
0.13733,-0.0444088,0,0.509714
0.138672,-0.0445898,0,0.505898
0.140023,-0.0447705,0,0.502078
0.141381,-0.0449507,0,0.498267
0.142748,-0.0451306,0,0.49445
0.144123,-0.04531,0,0.490639
0.145506,-0.045489,0,0.486822
0.146898,-0.0456677,0,0.483007
0.148298,-0.0458459,0,0.479183
0.149706,-0.0460238,0,0.475359
0.151123,-0.0462013,0,0.47153
0.152549,-0.0463783,0,0.4677
0.153984,-0.0465549,0,0.463868
0.155427,-0.0467311,0,0.46003
0.156879,-0.0469069,0,0.456194
0.158341,-0.0470823,0,0.452349
0.159811,-0.0472572,0,0.448505
0.16129,-0.0474318,0,0.444652
0.162779,-0.0476058,0,0.440798
0.164277,-0.0477794,0,0.436934
0.165784,-0.0479526,0,0.433069
0.167301,-0.0481254,0,0.429192
0.168827,-0.0482976,0,0.425314
0.170363,-0.0484694,0,0.421426
0.171908,-0.0486407,0,0.417536
0.173464,-0.0488116,0,0.413637
0.175029,-0.0489819,0,0.409736
0.176604,-0.0491517,0,0.405823
0.178189,-0.049321,0,0.401908
0.179784,-0.0494898,0,0.397981
0.181389,-0.0496581,0,0.394051
0.183005,-0.0498259,0,0.390106
0.184631,-0.049993,0,0.386156
0.186267,-0.0501597,0,0.38219
0.187914,-0.0503257,0,0.37822
0.189571,-0.0504912,0,0.374235
0.191239,-0.0506561,0,0.370246
0.192918,-0.0508204,0,0.366244
0.194608,-0.050984,0,0.362236
0.196309,-0.051147,0,0.358217
0.198021,-0.0513094,0,0.354189
0.199744,-0.0514711,0,0.350153
0.201478,-0.0516321,0,0.346105
0.203224,-0.0517924,0,0.34205
0.20498,-0.051952,0,0.337981
0.206749,-0.0521109,0,0.333904
0.208529,-0.052269,0,0.32981
0.210321,-0.0524264,0,0.325706
0.212124,-0.052583,0,0.321584
0.21394,-0.0527389,0,0.317449
0.215767,-0.052894,0,0.313293
0.217607,-0.0530483,0,0.309121
0.219458,-0.0532018,0,0.304924
0.221322,-0.0533545,0,0.300706
0.223198,-0.0535064,0,0.296456
0.225087,-0.0536574,0,0.29218
0.226988,-0.0538075,0,0.28787
0.228902,-0.0539568,0,0.283538
0.230829,-0.0541051,0,0.279175
0.232769,-0.0542525,0,0.27479
0.234721,-0.0543989,0,0.270374
0.236687,-0.0545442,0,0.265936
0.238666,-0.0546885,0,0.261466
0.240658,-0.0548318,0,0.256973
0.242664,-0.0549739,0,0.252448
0.244683,-0.0551149,0,0.247896
0.246715,-0.0552548,0,0.243312
0.248762,-0.0553934,0,0.238698
0.250822,-0.0555308,0,0.234052
0.252896,-0.0556669,0,0.229369
0.254984,-0.0558017,0,0.224654
0.257086,-0.0559352,0,0.219895
0.259203,-0.0560672,0,0.215099
0.261334,-0.0561979,0,0.210253
0.263479,-0.0563271,0,0.205362
0.265639,-0.0564547,0,0.200411
0.267814,-0.0565809,0,0.195406
0.270003,-0.0567054,0,0.190342
0.272208,-0.0568282,0,0.185233
0.274427,-0.0569492,0,0.180071
0.276662,-0.0570683,0,0.174866
0.278912,-0.0571855,0,0.169609
0.281177,-0.0573008,0,0.16431
0.283458,-0.0574139,0,0.158959
0.285755,-0.0575248,0,0.153563
0.288067,-0.0576334,0,0.148113
0.290395,-0.0577397,0,0.142618
0.292739,-0.0578435,0,0.137072
0.2951,-0.0579447,0,0.131489
0.297477,-0.0580432,0,0.125861
0.29987,-0.0581388,0,0.120201
0.302279,-0.0582315,0,0.114501
0.304706,-0.0583212,0,0.108772
0.307149,-0.0584076,0,0.103008
0.309609,-0.0584906,0,0.0972162
0.312086,-0.0585702,0,0.0913963
0.31458,-0.0586462,0,0.0855509
0.317091,-0.0587183,0,0.0796916
0.31962,-0.0587865,0,0.0738161
0.322166,-0.0588506,0,0.0679387
0.32473,-0.0589105,0,0.0620583
0.327312,-0.0589658,0,0.05619
0.329912,-0.0590166,0,0.050337
0.33253,-0.0590625,0,0.0445176
0.335166,-0.0591034,0,0.038735
0.337821,-0.0591392,0,0.0329979
0.340493,-0.0591697,0,0.0272963
0.343185,-0.0591947,0,0.0216402
0.345895,-0.0592141,0,0.0160255
0.348624,-0.0592276,0,0.0104657
0.351372,-0.0592352,0,0.00495851
0.354139,-0.0592367,0,-0.000479984
0.356925,-0.0592318,0,-0.00584957
0.359731,-0.0592203,0,-0.0111345
0.362556,-0.0592022,0,-0.016341
0.365401,-0.0591773,0,-0.0214567
0.368266,-0.0591453,0,-0.0264835
0.37115,-0.0591061,0,-0.0314051
0.374055,-0.0590595,0,-0.036218
0.37698,-0.0590053,0,-0.0409048
0.379925,-0.0589433,0,-0.0454526
0.38289,-0.0588734,0,-0.0498497
0.385876,-0.0587953,0,-0.0540943
0.388883,-0.0587091,0,-0.0581988
0.39191,-0.0586144,0,-0.0621538
0.394959,-0.0585112,0,-0.0659626
0.398029,-0.0583993,0,-0.0696137
0.401119,-0.0582787,0,-0.0731049
0.404232,-0.058149,0,-0.0764201
0.407365,-0.0580102,0,-0.0795584
0.410521,-0.0578622,0,-0.082516
0.413698,-0.0577048,0,-0.0853006
0.416897,-0.057538,0,-0.0879047
0.420118,-0.0573615,0,-0.0903292
0.423362,-0.0571754,0,-0.0925626
0.426627,-0.0569795,0,-0.0946037
0.429915,-0.0567736,0,-0.0964367
0.433226,-0.0565577,0,-0.0980674
0.43656,-0.0563317,0,-0.0994975
0.439917,-0.0560956,0,-0.100738
0.443296,-0.0558493,0,-0.101784
0.446699,-0.0555927,0,-0.10264
0.450125,-0.0553258,0,-0.1033
0.453575,-0.0550485,0,-0.103767
0.457049,-0.0547607,0,-0.104036
0.460546,-0.0544625,0,-0.104117
0.464068,-0.0541539,0,-0.104015
0.467613,-0.0538348,0,-0.103732
0.471183,-0.0535051,0,-0.103273
0.474778,-0.053165,0,-0.102636
0.478397,-0.0528144,0,-0.101828
0.482041,-0.0524533,0,-0.10085
0.485711,-0.0520818,0,-0.0997116
0.489405,-0.0516999,0,-0.0984172
0.493125,-0.0513076,0,-0.0969758
0.49687,-0.050905,0,-0.09539
0.500642,-0.0504922,0,-0.0936678
0.504439,-0.0500692,0,-0.0918119
0.508263,-0.0496361,0,-0.0898345
0.512113,-0.0491931,0,-0.0877447
0.515989,-0.0487401,0,-0.0855573
0.519893,-0.0482774,0,-0.0832824
0.523823,-0.0478051,0,-0.080936
0.527781,-0.0473233,0,-0.0785314
0.531766,-0.0468321,0,-0.0760781
0.535779,-0.0463315,0,-0.073568
0.539819,-0.0458217,0,-0.0710001
0.543888,-0.0453028,0,-0.068374
0.547985,-0.0447748,0,-0.0656951
0.552111,-0.0442378,0,-0.0629654
0.556265,-0.043692,0,-0.0601912
0.560449,-0.0431375,0,-0.0573732
0.564662,-0.0425744,0,-0.0545185
0.568904,-0.0420027,0,-0.0516298
0.573176,-0.0414228,0,-0.0487171
0.577478,-0.0408347,0,-0.0457864
0.58181,-0.0402385,0,-0.0428415
0.586172,-0.0396343,0,-0.0398763
0.590566,-0.0390222,0,-0.036888
0.59499,-0.0384024,0,-0.0338791
0.599445,-0.037775,0,-0.0308514
0.603932,-0.0371402,0,-0.0278056
0.608451,-0.036498,0,-0.024742
0.613001,-0.0358486,0,-0.0216599
0.617584,-0.0351922,0,-0.0185604
0.6222,-0.0345289,0,-0.0154444
0.626848,-0.0338588,0,-0.0123142
0.631529,-0.0331823,0,-0.00916896
0.636244,-0.0324993,0,-0.00600837
0.640992,-0.0318102,0,-0.00283044
0.645774,-0.0311151,0,0.000364149
0.65059,-0.0304142,0,0.00357747
0.655441,-0.0297078,0,0.00680366
0.660326,-0.0289961,0,0.0100364
0.665247,-0.0282795,0,0.0132675
0.670203,-0.0275582,0,0.0164936
0.675195,-0.0268326,0,0.0197071
0.680222,-0.0261029,0,0.0229074
0.685287,-0.0253695,0,0.0260893
0.690387,-0.0246327,0,0.0292527
0.695525,-0.0238929,0,0.0323921
0.7007,-0.0231504,0,0.0355058
0.705912,-0.0224058,0,0.0385862
0.711163,-0.0216593,0,0.041629
0.716452,-0.0209115,0,0.0446298
0.721779,-0.0201628,0,0.0475812
0.727146,-0.0194137,0,0.0504732
0.732552,-0.0186649,0,0.0532885
0.737998,-0.0179169,0,0.0560174
0.743484,-0.0171703,0,0.058644
0.74901,-0.0164258,0,0.0611555
0.754577,-0.0156839,0,0.0635328
0.760186,-0.0149454,0,0.0657596
0.765836,-0.0142108,0,0.0678199
0.771528,-0.0134807,0,0.0697257
0.777262,-0.0127556,0,0.0714852
0.783039,-0.0120361,0,0.0731061
0.788859,-0.0113227,0,0.0745887
0.794722,-0.010616,0,0.0759423
0.800629,-0.00991657,0,0.077171
0.80658,-0.00922524,0,0.0782822
0.812576,-0.00854286,0,0.0792534
0.818616,-0.00787036,0,0.0800654
0.824702,-0.00720872,0,0.0806995
0.830834,-0.00655905,0,0.0811391
0.837011,-0.00592249,0,0.081352
0.843235,-0.0053003,0,0.0813202
0.849506,-0.00469389,0,0.080999
0.855825,-0.00410477,0,0.0803431
0.862191,-0.00353448,0,0.079304
0.868605,-0.00298459,0,0.0778491
0.875067,-0.00245677,0,0.0759365
0.881579,-0.00195314,0,0.0735034
0.88814,-0.00147611,0,0.070407
0.89475,-0.00102812,0,0.0665066
0.90141,-0.000611578,0,0.0616807
0.908121,-0.00022906,0,0.0557789
0.914882,0.000116392,0,0.0486348
0.921694,0.000421562,0,0.039879
0.928558,0.000683409,0,0.0293151
0.935472,0.000898717,0,0.0164264
0.942438,0.00106336,0,0.000898139
0.949455,0.00117245,0,-0.0186161
0.956524,0.00122013,0,-0.0429257
0.963644,0.00120117,0,-0.0751733
0.970815,0.00111125,0,-0.117171
0.978036,0.000947191,0,-0.176434
0.985308,0.000707975,0,-0.265732
0.992629,0.000392861,0,-0.389317
