3001
1 0 0
0.999327195095 9.7615499e-05 0
0.998654352943 0.000194974516 0
0.997981580411 0.000292813606 0
0.997308805176 0.000390634108 0
0.996635996255 0.000488222651 0
0.995963151081 0.000585560916 0
0.995290271665 0.000682662202 0
0.994617371126 0.000779617018 0
0.993944464348 0.000876528524 0
0.993271563909 0.000973484034 0
0.992598668014 0.001070471078 0
0.991925769284 0.001167438453 0
0.991252860333 0.001264334865 0
0.990579934572 0.001361114458 0
0.989906990545 0.001457766971 0
0.989234028861 0.001554296463 0
0.98856105013 0.001650707032 0
0.987888054959 0.001747002779 0
0.987215044264 0.00184318997 0
0.986542019867 0.001939281239 0
0.985868983749 0.00203529038 0
0.985195937886 0.00213123119 0
0.984522884253 0.002227117466 0
0.983849824623 0.002322961646 0
0.983176758442 0.002418759805 0
0.982503683612 0.002514497182 0
0.981830598014 0.002610158822 0
0.981157499533 0.002705729768 0
0.980484386059 0.002801195065 0
0.97981125558 0.002896540373 0
0.979138108109 0.002991765655 0
0.978464945693 0.003086885226 0
0.977791770457 0.003181914026 0
0.977118584521 0.003276866999 0
0.97644539 0.003371759088 0
0.975772189005 0.003466605237 0
0.97509898348 0.00356141923 0
0.974425773251 0.003656199816 0
0.973752556667 0.003750935254 0
0.97307933205 0.003845613588 0
0.972406097725 0.003940222863 0
0.97173285202 0.004034751121 0
0.971059593267 0.004129186407 0
0.970386319805 0.004223516764 0
0.969713030493 0.004317733927 0
0.969039725825 0.004411841281 0
0.968366406609 0.004505844498 0
0.967693073654 0.004599749253 0
0.967019727765 0.00469356122 0
0.966346369745 0.004787286073 0
0.965673000394 0.004880929486 0
0.964999620511 0.004974497137 0
0.964326230817 0.005067994148 0
0.963652831523 0.005161421994 0
0.962979422635 0.005254780664 0
0.962306004158 0.005348070141 0
0.961632576097 0.005441290409 0
0.960959138457 0.005534441454 0
0.960285691244 0.005627523258 0
0.959612234462 0.005720535807 0
0.958938768116 0.005813479083 0
0.958265292179 0.005906352833 0
0.957591806448 0.00599915554 0
0.956918310666 0.006091885274 0
0.956244804576 0.006184540105 0
0.95557128792 0.006277118101 0
0.954897760442 0.006369617332 0
0.954224221886 0.006462035867 0
0.953550671998 0.006554371775 0
0.952877110524 0.006646623125 0
0.952203537212 0.006738788003 0
0.951529951972 0.006830865665 0
0.950856354976 0.006922857287 0
0.95018274642 0.007014764225 0
0.9495091265 0.007106587833 0
0.948835495411 0.007198329466 0
0.948161853347 0.007289990478 0
0.947488200503 0.007381572225 0
0.946814537071 0.007473076061 0
0.946140863244 0.007564503341 0
0.945467179217 0.007655855421 0
0.944793485166 0.007747133552 0
0.944119781222 0.007838338638 0
0.943446067505 0.007929471507 0
0.942772344136 0.008020532986 0
0.942098611233 0.008111523903 0
0.941424868916 0.008202445088 0
0.940751117304 0.008293297368 0
0.940077356515 0.008384081572 0
0.939403586669 0.008474798528 0
0.938729807884 0.008565449063 0
0.938056020276 0.008656034006 0
0.937382223868 0.008746553461 0
0.936708418426 0.008837005645 0
0.936034603676 0.008927388471 0
0.935360779347 0.009017699851 0
0.934686945167 0.009107937696 0
0.934013100864 0.009198099919 0
0.933339246167 0.009288184431 0
0.932665380807 0.009378189144 0
0.931991504515 0.00946811197 0
0.931317617023 0.00955795082 0
0.930643718062 0.009647703606 0
0.929969807387 0.009737368387 0
0.929295885052 0.009826945494 0
0.928621951348 0.009916437025 0
0.927948006571 0.010005845127 0
0.927274051015 0.010095171945 0
0.926600084975 0.010184419624 0
0.925926108744 0.010273590312 0
0.925252122615 0.010362686154 0
0.924578126879 0.010451709296 0
0.923904121828 0.010540661885 0
0.923230107753 0.010629546067 0
0.922556084943 0.010718363988 0
0.921882053683 0.01080711776 0
0.921208014093 0.01089580825 0
0.920533966091 0.010984434785 0
0.919859909582 0.011072996595 0
0.919185844471 0.011161492913 0
0.918511770664 0.011249922969 0
0.917837688068 0.011338285995 0
0.917163596587 0.011426581222 0
0.916489496128 0.011514807881 0
0.915815386598 0.011602965203 0
0.915141267904 0.011691052419 0
0.914467139953 0.011779068761 0
0.913793002651 0.011867013459 0
0.913118855913 0.011954885798 0
0.91244469975 0.012042685794 0
0.91177053424 0.012130413987 0
0.911096359461 0.012218070933 0
0.910422175495 0.012305657185 0
0.909747982421 0.012393173297 0
0.909073780317 0.012480619822 0
0.908399569263 0.012567997314 0
0.907725349337 0.012655306328 0
0.907051120619 0.012742547416 0
0.906376883188 0.012829721134 0
0.90570263712 0.012916828035 0
0.905028382495 0.013003868672 0
0.904354119391 0.013090843597 0
0.903679847807 0.013177752765 0
0.903005567588 0.013264594907 0
0.902331278557 0.013351368603 0
0.901656980539 0.013438072432 0
0.900982673358 0.013524704976 0
0.90030835684 0.013611264813 0
0.899634030811 0.013697750522 0
0.898959695097 0.013784160684 0
0.898285349524 0.013870493877 0
0.897610993921 0.013956748682 0
0.896936628114 0.014042923677 0
0.896262251931 0.014129017443 0
0.895587865203 0.014215028557 0
0.894913467758 0.014300955608 0
0.894239059573 0.014386798323 0
0.89356464091 0.014472558674 0
0.892890212062 0.014558238899 0
0.892215773324 0.014643841235 0
0.891541324988 0.01472936792 0
0.890866867347 0.01481482119 0
0.890192400691 0.014900203283 0
0.889517925312 0.014985516437 0
0.888843441499 0.01507076289 0
0.888168949541 0.015155944879 0
0.887494449728 0.015241064642 0
0.886819942348 0.015326124417 0
0.886145427687 0.015411126442 0
0.885470906033 0.015496072955 0
0.884796377647 0.015580965994 0
0.884121842514 0.015665805405 0
0.883447300448 0.015750589681 0
0.882772751262 0.015835317291 0
0.88209819477 0.015919986708 0
0.881423630784 0.016004596404 0
0.880749059118 0.016089144849 0
0.880074479587 0.016173630516 0
0.879399892005 0.016258051875 0
0.878725296187 0.016342407397 0
0.878050691949 0.016426695554 0
0.877376079106 0.016510914817 0
0.876701457476 0.016595063657 0
0.876026826874 0.016679140544 0
0.875352187119 0.016763143951 0
0.874677538035 0.0168470724 0
0.874002879561 0.016930925339 0
0.873328211736 0.017014703004 0
0.8726535346 0.017098405656 0
0.871978848195 0.017182033556 0
0.87130415256 0.017265586965 0
0.870629447737 0.017349066144 0
0.869954733766 0.017432471354 0
0.869280010688 0.017515802857 0
0.868605278543 0.017599060912 0
0.867930537371 0.017682245782 0
0.867255787212 0.017765357727 0
0.866581028108 0.017848397009 0
0.865906260097 0.017931363889 0
0.86523148322 0.018014258627 0
0.864556697516 0.018097081486 0
0.863881903034 0.018179832791 0
0.863207099865 0.018262513228 0
0.862532288116 0.018345123609 0
0.861857467894 0.018427664744 0
0.861182639304 0.018510137444 0
0.860507802453 0.018592542519 0
0.859832957447 0.018674880781 0
0.859158104391 0.018757153041 0
0.858483243391 0.018839360109 0
0.857808374551 0.018921502796 0
0.857133497977 0.019003581913 0
0.856458613773 0.019085598272 0
0.855783722044 0.019167552682 0
0.855108822894 0.019249445956 0
0.854433916426 0.019331278905 0
0.853759002744 0.019413052338 0
0.853084081943 0.019494766988 0
0.852409154014 0.019576422739 0
0.851734218886 0.019658018972 0
0.85105927649 0.019739555058 0
0.850384326755 0.01982103037 0
0.84970936961 0.019902444282 0
0.849034404987 0.019983796165 0
0.848359432815 0.020065085392 0
0.847684453024 0.020146311336 0
0.847009465546 0.02022747337 0
0.84633447031 0.020308570865 0
0.845659467249 0.020389603196 0
0.844984456292 0.020470569733 0
0.844309437372 0.020551469849 0
0.843634410419 0.020632302918 0
0.842959375366 0.02071306831 0
0.842284332144 0.0207937654 0
0.8416092807 0.02087439368 0
0.840934221041 0.020954953149 0
0.840259153189 0.021035443941 0
0.839584077169 0.021115866188 0
0.838908993001 0.021196220021 0
0.83823390071 0.021276505574 0
0.837558800318 0.021356722979 0
0.836883691847 0.021436872368 0
0.836208575321 0.021516953873 0
0.835533450761 0.021596967628 0
0.834858318191 0.021676913764 0
0.834183177634 0.021756792413 0
0.83350802911 0.021836603709 0
0.832832872644 0.021916347784 0
0.832157708256 0.021996024769 0
0.831482535971 0.022075634798 0
0.83080735581 0.022155178003 0
0.830132167797 0.022234654532 0
0.829456971971 0.022314064658 0
0.828781768377 0.022393408715 0
0.828106557063 0.022472687036 0
0.827431338072 0.022551899954 0
0.826756111451 0.022631047805 0
0.826080877246 0.02271013092 0
0.8254056355 0.022789149635 0
0.824730386261 0.022868104282 0
0.824055129573 0.022946995196 0
0.82337986548 0.02302582271 0
0.822704594028 0.023104587158 0
0.822029315262 0.023183288873 0
0.821354029227 0.023261928191 0
0.820678735967 0.023340505443 0
0.820003435527 0.023419020965 0
0.819328127951 0.023497475089 0
0.818652813284 0.02357586815 0
0.817977491553 0.023654200336 0
0.817302162733 0.023732471385 0
0.81662682679 0.023810680948 0
0.815951483689 0.023888828677 0
0.815276133395 0.023966914225 0
0.814600775875 0.024044937242 0
0.813925411093 0.024122897382 0
0.813250039016 0.024200794295 0
0.812574659609 0.024278627634 0
0.811899272839 0.024356397051 0
0.811223878671 0.024434102196 0
0.810548477072 0.024511742722 0
0.809873068007 0.024589318281 0
0.809197651444 0.024666828524 0
0.808522227349 0.024744273103 0
0.807846795687 0.02482165167 0
0.807171356427 0.024898963876 0
0.806495909534 0.024976209374 0
0.805820454981 0.025053387857 0
0.805144992762 0.025130499221 0
0.80446952288 0.025207543425 0
0.803794045335 0.025284520426 0
0.803118560131 0.025361430183 0
0.802443067269 0.025438272653 0
0.801767566752 0.025515047794 0
0.80109205858 0.025591755563 0
0.800416542757 0.02566839592 0
0.799741019284 0.02574496882 0
0.799065488163 0.025821474224 0
0.798389949397 0.025897912087 0
0.797714402987 0.025974282368 0
0.797038848936 0.026050585025 0
0.796363287246 0.026126820016 0
0.795687717918 0.026202987299 0
0.795012140955 0.02627908683 0
0.794336556359 0.026355118569 0
0.793660964132 0.026431082477 0
0.792985364304 0.026506978747 0
0.792309756942 0.026582807919 0
0.791634142115 0.026658570563 0
0.790958519896 0.026734267249 0
0.790282890353 0.026809898545 0
0.789607253558 0.026885465022 0
0.78893160958 0.026960967249 0
0.788255958488 0.027036405795 0
0.787580300353 0.027111781231 0
0.786904635244 0.027187094126 0
0.78622896323 0.027262345049 0
0.785553284381 0.02733753457 0
0.784877598765 0.027412663259 0
0.784201906451 0.027487731686 0
0.783526207508 0.02756274042 0
0.782850502004 0.027637690031 0
0.782174790009 0.027712581088 0
0.781499071589 0.027787414162 0
0.780823346813 0.027862189816 0
0.780147615699 0.027936908181 0
0.779471878192 0.028011568701 0
0.778796134228 0.028086170761 0
0.778120383745 0.028160713744 0
0.77744462668 0.028235197033 0
0.77676886297 0.028309620012 0
0.776093092552 0.028383982065 0
0.775417315366 0.028458282574 0
0.774741531348 0.028532520923 0
0.774065740436 0.028606696496 0
0.77338994257 0.028680808676 0
0.772714137686 0.028754856847 0
0.772038325725 0.028828840391 0
0.771362506625 0.028902758693 0
0.770686680324 0.028976611135 0
0.770010846763 0.029050397101 0
0.76933500588 0.029124115974 0
0.768659157614 0.029197767137 0
0.767983301907 0.029271349974 0
0.767307438709 0.029344863987 0
0.766631568047 0.029418309336 0
0.765955689968 0.029491686402 0
0.76527980452 0.029564995568 0
0.764603911753 0.029638237215 0
0.763928011714 0.029711411727 0
0.763252104452 0.029784519485 0
0.762576190014 0.029857560871 0
0.761900268448 0.029930536269 0
0.761224339803 0.03000344606 0
0.760548404125 0.030076290627 0
0.759872461462 0.030149070352 0
0.759196511862 0.030221785617 0
0.758520555372 0.030294436805 0
0.757844592039 0.030367024298 0
0.75716862191 0.030439548478 0
0.756492645032 0.030512009728 0
0.755816661453 0.030584408431 0
0.755140671219 0.030656744969 0
0.754464674376 0.030729019723 0
0.753788670953 0.030801232907 0
0.753112660922 0.030873384203 0
0.752436644243 0.030945473189 0
0.751760620878 0.031017499444 0
0.751084590787 0.031089462548 0
0.750408553932 0.031161362079 0
0.749732510275 0.031233197616 0
0.749056459775 0.031304968737 0
0.748380402396 0.031376675022 0
0.747704338098 0.031448316049 0
0.747028266843 0.031519891398 0
0.746352188594 0.031591400646 0
0.745676103312 0.031662843373 0
0.74500001096 0.031734219158 0
0.744323911499 0.031805527579 0
0.743647804892 0.031876768214 0
0.742971691102 0.031947940643 0
0.742295570092 0.032019044445 0
0.741619441823 0.032090079197 0
0.74094330626 0.03216104448 0
0.740267163376 0.032231939984 0
0.739591013212 0.032302766019 0
0.738914855828 0.032373523097 0
0.738238691286 0.032444211731 0
0.737562519645 0.032514832434 0
0.736886340966 0.03258538572 0
0.73621015531 0.032655872102 0
0.735533962736 0.032726292094 0
0.734857763305 0.032796646208 0
0.734181557077 0.032866934957 0
0.733505344111 0.032937158856 0
0.732829124466 0.033007318417 0
0.732152898203 0.033077414155 0
0.73147666538 0.033147446581 0
0.730800426056 0.03321741621 0
0.730124180291 0.033287323555 0
0.729447928143 0.033357169129 0
0.728771669671 0.033426953446 0
0.728095404934 0.033496677019 0
0.72741913399 0.033566340362 0
0.726742856895 0.033635943981 0
0.726066573675 0.033705488048 0
0.725390284303 0.033774972272 0
0.724713988752 0.033844396325 0
0.724037686993 0.03391375988 0
0.723361378999 0.03398306261 0
0.722685064741 0.034052304188 0
0.722008744191 0.034121484287 0
0.721332417322 0.034190602579 0
0.720656084107 0.034259658738 0
0.719979744517 0.034328652437 0
0.719303398524 0.034397583348 0
0.718627046103 0.034466451145 0
0.717950687224 0.0345352555 0
0.717274321862 0.034603996085 0
0.716597949988 0.034672672575 0
0.715921571576 0.034741284641 0
0.715245186599 0.034809831957 0
0.71456879503 0.034878314195 0
0.713892396842 0.034946731028 0
0.713215992009 0.035015082129 0
0.712539580504 0.035083367174 0
0.711863162308 0.035151585916 0
0.711186737412 0.035219738178 0
0.710510305803 0.035287823788 0
0.709833867471 0.035355842572 0
0.709157422406 0.035423794358 0
0.708480970596 0.035491678972 0
0.707804512032 0.035559496242 0
0.707128046702 0.035627245995 0
0.706451574596 0.035694928057 0
0.705775095703 0.035762542257 0
0.705098610014 0.035830088419 0
0.704422117518 0.035897566373 0
0.703745618205 0.035964975944 0
0.703069112063 0.036032316961 0
0.702392599084 0.036099589248 0
0.701716079257 0.036166792635 0
0.701039552572 0.036233926947 0
0.700363019019 0.036300992012 0
0.699686478587 0.036367987656 0
0.699009931268 0.036434913707 0
0.698333377051 0.036501769994 0
0.697656815942 0.036568556505 0
0.696980247971 0.036635273453 0
0.696303673166 0.036701921073 0
0.695627091558 0.036768499598 0
0.694950503178 0.036835009261 0
0.694273908055 0.036901450294 0
0.693597306219 0.036967822933 0
0.6929206977 0.037034127409 0
0.692244082527 0.037100363956 0
0.691567460731 0.037166532807 0
0.690890832342 0.037232634196 0
0.690214197387 0.037298668356 0
0.689537555898 0.037364635521 0
0.688860907903 0.037430535922 0
0.688184253433 0.037496369795 0
0.687507592515 0.037562137372 0
0.68683092518 0.037627838886 0
0.686154251456 0.037693474572 0
0.685477571373 0.037759044661 0
0.684800884959 0.037824549388 0
0.684124192244 0.037889988987 0
0.683447493249 0.037955363616 0
0.682770787959 0.038020673047 0
0.682094076345 0.038085916923 0
0.68141735838 0.03815109489 0
0.680740634035 0.038216206588 0
0.680063903284 0.038281251664 0
0.679387166098 0.038346229759 0
0.67871042245 0.038411140518 0
0.678033672313 0.038475983584 0
0.677356915659 0.0385407586 0
0.676680152461 0.03860546521 0
0.676003382692 0.038670103058 0
0.675326606325 0.038734671787 0
0.674649823333 0.03879917104 0
0.67397303369 0.038863600461 0
0.673296237368 0.038927959693 0
0.672619434342 0.03899224838 0
0.671942624584 0.039056466165 0
0.67126580807 0.039120612692 0
0.670588984771 0.039184687603 0
0.669912154663 0.039248690543 0
0.669235317719 0.039312621156 0
0.66855847393 0.039376479256 0
0.667881623323 0.039440265041 0
0.667204765927 0.03950397876 0
0.666527901776 0.039567620665 0
0.665851030899 0.039631191004 0
0.665174153329 0.039694690029 0
0.664497269095 0.039758117988 0
0.66382037823 0.039821475132 0
0.663143480763 0.039884761712 0
0.662466576726 0.039947977976 0
0.661789666149 0.040011124176 0
0.661112749063 0.04007420056 0
0.660435825498 0.04013720738 0
0.659758895486 0.040200144886 0
0.659081959055 0.040263013326 0
0.658405016237 0.040325812952 0
0.657728067062 0.040388544014 0
0.65705111156 0.040451206762 0
0.656374149761 0.040513801445 0
0.655697181696 0.040576328314 0
0.655020207393 0.040638787619 0
0.654343226882 0.040701179609 0
0.653666240179 0.040763504368 0
0.652989247268 0.040825761654 0
0.652312248129 0.040887951186 0
0.651635242744 0.040950072683 0
0.650958231094 0.041012125866 0
0.650281213161 0.041074110453 0
0.649604188925 0.041136026164 0
0.648927158367 0.041197872719 0
0.648250121471 0.041259649838 0
0.647573078216 0.041321357238 0
0.646896028586 0.041382994641 0
0.646218972561 0.041444561765 0
0.645541910124 0.04150605833 0
0.644864841256 0.041567484055 0
0.644187765939 0.04162883866 0
0.643510684157 0.041690121864 0
0.64283359589 0.041751333387 0
0.642156501121 0.041812472948 0
0.641479399833 0.041873540266 0
0.640802292008 0.04193453506 0
0.640125177629 0.041995457051 0
0.639448056678 0.042056305957 0
0.63877092914 0.04211708152 0
0.638093795007 0.042177783557 0
0.637416654271 0.042238411897 0
0.636739506926 0.04229896637 0
0.636062352964 0.042359446807 0
0.635385192378 0.042419853038 0
0.634708025162 0.042480184894 0
0.634030851308 0.042540442205 0
0.63335367081 0.0426006248 0
0.632676483661 0.04266073251 0
0.631999289855 0.042720765166 0
0.631322089384 0.042780722598 0
0.630644882242 0.042840604636 0
0.629967668422 0.04290041111 0
0.629290447919 0.04296014185 0
0.628613220725 0.043019796687 0
0.627935986835 0.043079375451 0
0.627258746241 0.043138877972 0
0.626581498938 0.04319830408 0
0.62590424492 0.043257653606 0
0.62522698418 0.04331692638 0
0.624549716713 0.043376122232 0
0.623872442513 0.043435241008 0
0.623195161591 0.043494282731 0
0.622517873968 0.043553247526 0
0.621840579663 0.043612135517 0
0.621163278695 0.043670946833 0
0.620485971085 0.043729681598 0
0.619808656852 0.043788339941 0
0.619131336015 0.043846921985 0
0.618454008595 0.043905427859 0
0.617776674611 0.043963857688 0
0.617099334081 0.044022211599 0
0.616421987027 0.044080489718 0
0.615744633466 0.044138692171 0
0.615067273419 0.044196819085 0
0.614389906905 0.044254870586 0
0.613712533942 0.0443128468 0
0.613035154551 0.044370747854 0
0.61235776875 0.044428573873 0
0.611680376559 0.044486324985 0
0.611002977997 0.044544001316 0
0.610325573082 0.044601602992 0
0.609648161834 0.044659130139 0
0.608970744272 0.044716582883 0
0.608293320405 0.044773961242 0
0.607615890219 0.044831264952 0
0.606938453697 0.044888493704 0
0.606261010821 0.04494564719 0
0.605583561573 0.0450027251 0
0.604906105935 0.045059727128 0
0.604228643892 0.045116652964 0
0.603551175424 0.045173502299 0
0.602873700515 0.045230274825 0
0.602196219149 0.045286970234 0
0.601518731307 0.045343588217 0
0.600841236974 0.045400128465 0
0.600163736132 0.04545659067 0
0.599486228765 0.045512974524 0
0.598808714856 0.045569279717 0
0.598131194389 0.045625505941 0
0.597453667347 0.045681652888 0
0.596776133715 0.045737720249 0
0.596098593476 0.045793707715 0
0.595421046615 0.045849614977 0
0.594743493115 0.045905441728 0
0.594065932961 0.045961187658 0
0.593388366137 0.046016852464 0
0.592710792643 0.046072436024 0
0.592033212496 0.046127938419 0
0.591355625713 0.046183359743 0
0.590678032312 0.046238700089 0
0.590000432309 0.046293959552 0
0.589322825723 0.046349138224 0
0.588645212571 0.046404236199 0
0.587967592869 0.046459253572 0
0.587289966635 0.046514190435 0
0.586612333887 0.046569046882 0
0.585934694641 0.046623823007 0
0.585257048914 0.046678518904 0
0.584579396725 0.046733134665 0
0.583901738089 0.046787670385 0
0.583224073024 0.046842126158 0
0.582546401547 0.046896502077 0
0.581868723675 0.046950798235 0
0.581191039424 0.047005014727 0
0.580513348812 0.047059151645 0
0.579835651855 0.047113209084 0
0.579157948571 0.047167187138 0
0.578480238976 0.047221085899 0
0.577802523086 0.047274905437 0
0.577124800886 0.047328645471 0
0.576447072343 0.047382305454 0
0.575769337423 0.047435884837 0
0.575091596093 0.047489383069 0
0.574413848319 0.0475427996 0
0.573736094067 0.047596133877 0
0.573058333304 0.047649385352 0
0.572380565996 0.047702553472 0
0.571702792113 0.047755637687 0
0.571025011619 0.047808637446 0
0.570347224484 0.047861552198 0
0.569669430675 0.047914381392 0
0.56899163016 0.047967124478 0
0.568313822907 0.048019780905 0
0.567636008885 0.048072350121 0
0.566958188062 0.048124831575 0
0.566280360407 0.048177224717 0
0.565602525889 0.048229528996 0
0.564924684477 0.048281743861 0
0.564246836141 0.04833386876 0
0.563568980851 0.048385903143 0
0.562891118577 0.048437846458 0
0.562213249291 0.048489698203 0
0.561535373012 0.048541458432 0
0.560857489782 0.048593127554 0
0.560179599646 0.048644705986 0
0.559501702647 0.048696194144 0
0.55882379883 0.048747592443 0
0.558145888236 0.0487989013 0
0.557467970911 0.048850121131 0
0.556790046896 0.048901252351 0
0.556112116235 0.048952295378 0
0.555434178971 0.049003250626 0
0.554756235146 0.049054118512 0
0.554078284803 0.049104899452 0
0.553400327985 0.049155593863 0
0.552722364732 0.049206202159 0
0.552044395088 0.049256724758 0
0.551366419094 0.049307162076 0
0.550688436792 0.049357514528 0
0.550010448223 0.049407782532 0
0.549332453429 0.049457966502 0
0.548654452451 0.049508066855 0
0.547976445331 0.049558084008 0
0.547298432108 0.049608018377 0
0.54662041282 0.049657870326 0
0.545942387456 0.049707639562 0
0.54526435597 0.049757325333 0
0.544586318318 0.049806926879 0
0.543908274454 0.04985644344 0
0.543230224333 0.049905874255 0
0.542552167912 0.049955218564 0
0.541874105145 0.050004475606 0
0.54119603599 0.050053644621 0
0.540517960402 0.050102724849 0
0.539839878339 0.050151715529 0
0.539161789757 0.0502006159 0
0.538483694614 0.050249425202 0
0.537805592867 0.050298142674 0
0.537127484474 0.050346767556 0
0.536449369394 0.050395299087 0
0.535771247585 0.050443736506 0
0.535093119006 0.050492079053 0
0.534414983617 0.050540325968 0
0.533736841376 0.050588476488 0
0.533058692244 0.050636529855 0
0.532380536181 0.050684485306 0
0.531702373147 0.050732342081 0
0.531024203106 0.050780099451 0
0.530346026062 0.050827757273 0
0.529667842056 0.050875315922 0
0.52898965113 0.050922775792 0
0.528311453326 0.050970137276 0
0.527633248686 0.051017400768 0
0.526955037252 0.051064566661 0
0.526276819064 0.051111635349 0
0.525598594165 0.051158607226 0
0.524920362595 0.051205482685 0
0.524242124395 0.05125226212 0
0.523563879606 0.051298945924 0
0.522885628269 0.051345534492 0
0.522207370423 0.051392028216 0
0.52152910611 0.051438427491 0
0.520850835369 0.051484732709 0
0.520172558241 0.051530944266 0
0.519494274764 0.051577062554 0
0.518815984979 0.051623087967 0
0.518137688925 0.051669020899 0
0.517459386641 0.051714861744 0
0.516781078166 0.051760610895 0
0.51610276354 0.051806268746 0
0.5154244428 0.051851835679 0
0.514746115954 0.051897311619 0
0.514067782971 0.051942695923 0
0.513389443817 0.05198798791 0
0.512711098461 0.052033186901 0
0.512032746869 0.052078292216 0
0.51135438901 0.052123303175 0
0.510676024852 0.052168219098 0
0.509997654363 0.052213039305 0
0.509319277512 0.052257763115 0
0.508640894268 0.052302389849 0
0.5079625046 0.052346918827 0
0.507284108478 0.052391349368 0
0.506605705872 0.052435680793 0
0.505927296752 0.052479912421 0
0.505248881089 0.052524043572 0
0.504570458852 0.052568073566 0
0.503892030014 0.052612001723 0
0.503213594546 0.052655827362 0
0.502535152419 0.052699549804 0
0.501856703606 0.052743168367 0
0.501178248079 0.052786682372 0
0.50049978581 0.052830091139 0
0.499821316773 0.052873393989 0
0.499142840954 0.052916590439 0
0.498464358361 0.052959680371 0
0.497785869007 0.05300266371 0
0.497107372903 0.053045540378 0
0.496428870062 0.053088310299 0
0.495750360496 0.053130973396 0
0.495071844217 0.053173529591 0
0.494393321236 0.053215978808 0
0.493714791567 0.053258320971 0
0.493036255221 0.053300556002 0
0.49235771221 0.053342683824 0
0.491679162547 0.053384704361 0
0.491000606243 0.053426617536 0
0.490322043312 0.053468423272 0
0.489643473765 0.053510121492 0
0.488964897616 0.053551712119 0
0.488286314876 0.053593195077 0
0.487607725557 0.053634570288 0
0.486929129673 0.053675837676 0
0.486250527236 0.053716997164 0
0.485571918259 0.053758048675 0
0.484893302753 0.053798992132 0
0.484214680732 0.053839827458 0
0.483536052209 0.053880554577 0
0.482857417196 0.053921173413 0
0.482178775705 0.053961683891 0
0.481500127751 0.054002085936 0
0.480821473346 0.054042379472 0
0.480142812502 0.054082564424 0
0.479464145233 0.054122640716 0
0.478785471552 0.054162608274 0
0.478106791472 0.054202467021 0
0.477428105006 0.054242216883 0
0.476749412166 0.054281857785 0
0.476070712967 0.054321389649 0
0.475392007422 0.054360812403 0
0.474713295543 0.05440012597 0
0.474034577344 0.054439330274 0
0.473355852838 0.054478425241 0
0.472677122039 0.054517410794 0
0.47199838496 0.05455628686 0
0.471319641615 0.054595053362 0
0.470640892016 0.054633710225 0
0.469962136177 0.054672257373 0
0.469283374112 0.054710694732 0
0.468604605835 0.054749022225 0
0.467925831357 0.054787239742 0
0.467247050681 0.054825347029 0
0.46656826381 0.054863343797 0
0.465889470745 0.054901229755 0
0.465210671488 0.054939004614 0
0.464531866042 0.054976668086 0
0.463853054408 0.055014219879 0
0.46317423659 0.055051659705 0
0.462495412589 0.055088987275 0
0.46181658241 0.055126202297 0
0.461137746053 0.055163304484 0
0.460458903523 0.055200293545 0
0.459780054823 0.055237169191 0
0.459101199956 0.055273931133 0
0.458422338926 0.055310579079 0
0.457743471735 0.055347112742 0
0.457064598388 0.055383531831 0
0.456385718889 0.055419836057 0
0.455706833242 0.05545602513 0
0.455027941451 0.055492098761 0
0.45434904352 0.055528056659 0
0.453670139454 0.055563898535 0
0.452991229258 0.0555996241 0
0.452312312934 0.055635233027 0
0.451633390475 0.055670724805 0
0.450954461873 0.055706098869 0
0.450275527119 0.055741354654 0
0.449596586204 0.055776491594 0
0.448917639119 0.055811509124 0
0.448238685858 0.055846406677 0
0.447559726411 0.055881183689 0
0.446880760772 0.055915839594 0
0.446201788933 0.055950373826 0
0.445522810888 0.055984785819 0
0.444843826631 0.056019075008 0
0.444164836154 0.056053240827 0
0.443485839452 0.056087282711 0
0.44280683652 0.056121200093 0
0.442127827352 0.056154992408 0
0.441448811943 0.056188659091 0
0.440769790289 0.056222199575 0
0.440090762386 0.056255613294 0
0.439411728228 0.056288899684 0
0.438732687813 0.056322058177 0
0.438053641138 0.056355088209 0
0.437374588198 0.056387989213 0
0.436695528997 0.056420760723 0
0.436016463559 0.056453402748 0
0.435337391917 0.056485915442 0
0.434658314102 0.056518298958 0
0.433979230147 0.056550553449 0
0.433300140083 0.056582679068 0
0.432621043942 0.056614675968 0
0.431941941755 0.056646544302 0
0.431262833554 0.056678284224 0
0.430583719371 0.056709895885 0
0.429904599237 0.056741379441 0
0.429225473184 0.056772735043 0
0.428546341241 0.056803962845 0
0.427867203442 0.056835063 0
0.427188059815 0.056866035661 0
0.426508910394 0.056896880981 0
0.425829755208 0.056927599114 0
0.425150594287 0.056958190212 0
0.424471427664 0.056988654429 0
0.423792255368 0.057018991917 0
0.42311307743 0.057049202831 0
0.422433893881 0.057079287323 0
0.42175470475 0.057109245546 0
0.421075510061 0.057139077489 0
0.42039630981 0.057168782554 0
0.419717103992 0.057198360016 0
0.419037892597 0.057227809151 0
0.418358675618 0.057257129232 0
0.41767945305 0.057286319536 0
0.417000224887 0.057315379335 0
0.416320991121 0.057344307906 0
0.415641751748 0.057373104522 0
0.414962506763 0.057401768458 0
0.414283256162 0.057430298989 0
0.41360399994 0.05745869539 0
0.412924738094 0.057486956934 0
0.412245470621 0.057515082897 0
0.411566197517 0.057543072553 0
0.41088691878 0.057570925177 0
0.410207634409 0.057598640042 0
0.409528344402 0.057626216424 0
0.408849048758 0.057653653597 0
0.408169747477 0.057680950836 0
0.407490440557 0.057708107414 0
0.406811128001 0.057735122607 0
0.406131809807 0.05776199569 0
0.405452485988 0.057788726162 0
0.404773156568 0.057815313941 0
0.404093821577 0.05784175899 0
0.403414481044 0.057868061272 0
0.402735134996 0.057894220751 0
0.402055783464 0.057920237391 0
0.401376426475 0.057946111154 0
0.400697064058 0.057971842006 0
0.400017696242 0.057997429908 0
0.399338323055 0.058022874825 0
0.398658944527 0.058048176721 0
0.397979560686 0.058073335558 0
0.397300171561 0.0580983513 0
0.396620777181 0.058123223911 0
0.395941377575 0.058147953355 0
0.395261972772 0.058172539594 0
0.3945825628 0.058196982593 0
0.393903147688 0.058221282315 0
0.393223727466 0.058245438723 0
0.392544302162 0.058269451781 0
0.391864871806 0.058293321452 0
0.391185436426 0.058317047701 0
0.390505996051 0.058340630466 0
0.389826550697 0.058364069352 0
0.389147100373 0.058387363722 0
0.388467645088 0.058410512932 0
0.387788184851 0.058433516337 0
0.387108719672 0.058456373295 0
0.38642924956 0.058479083162 0
0.385749774527 0.058501645294 0
0.385070294584 0.058524059047 0
0.384390809741 0.058546323777 0
0.38371132001 0.058568438842 0
0.383031825404 0.058590403596 0
0.382352325935 0.058612217397 0
0.381672821616 0.0586338796 0
0.380993312461 0.058655389562 0
0.380313798484 0.058676746639 0
0.379634279699 0.058697950187 0
0.37895475612 0.058718999562 0
0.378275227764 0.05873989412 0
0.377595694645 0.058760633218 0
0.376916156779 0.058781216212 0
0.376236614184 0.058801642457 0
0.375557066877 0.058821911311 0
0.374877514877 0.058842022238 0
0.374197958214 0.058861974992 0
0.37351839692 0.05888176937 0
0.372838831025 0.058901405172 0
0.372159260561 0.058920882196 0
0.37147968556 0.058940200239 0
0.370800106051 0.058959359102 0
0.370120522069 0.058978358581 0
0.369440933643 0.058997198477 0
0.368761340806 0.059015878586 0
0.368081743591 0.059034398708 0
0.367402142029 0.059052758641 0
0.366722536154 0.059070958184 0
0.366042925996 0.059088997134 0
0.36536331159 0.059106875291 0
0.364683692967 0.059124592453 0
0.364004070162 0.059142148418 0
0.363324443206 0.059159542985 0
0.362644812133 0.059176775952 0
0.361965176977 0.059193847118 0
0.361285537772 0.059210756281 0
0.36060589455 0.059227503239 0
0.359926247344 0.059244087758 0
0.359246596184 0.0592605094 0
0.358566941096 0.059276767643 0
0.357887282106 0.059292861968 0
0.357207619242 0.059308791856 0
0.356527952532 0.059324556787 0
0.355848282004 0.059340156241 0
0.355168607686 0.059355589698 0
0.354488929608 0.059370856638 0
0.353809247798 0.059385956542 0
0.353129562287 0.059400888889 0
0.352449873103 0.059415653161 0
0.351770180279 0.059430248836 0
0.351090483843 0.059444675395 0
0.350410783829 0.059458932319 0
0.349731080267 0.059473019087 0
0.349051373188 0.05948693518 0
0.348371662627 0.059500680077 0
0.347691948615 0.05951425326 0
0.347012231185 0.059527654207 0
0.346332510372 0.059540882399 0
0.345652786208 0.059553937316 0
0.344973058728 0.059566818432 0
0.344293327967 0.05957952517 0
0.343613593957 0.059592056928 0
0.342933856732 0.059604413104 0
0.342254116328 0.059616593096 0
0.341574372779 0.059628596299 0
0.340894626121 0.059640422114 0
0.340214876389 0.059652069936 0
0.33953512362 0.059663539164 0
0.338855367852 0.059674829195 0
0.338175609121 0.059685939426 0
0.337495847466 0.059696869256 0
0.336816082924 0.059707618081 0
0.336136315535 0.0597181853 0
0.335456545338 0.059728570309 0
0.334776772373 0.059738772507 0
0.33409699668 0.05974879129 0
0.333417218299 0.059758626056 0
0.332737437273 0.059768276203 0
0.332057653642 0.059777741128 0
0.33137786745 0.059787020229 0
0.330698078738 0.059796112903 0
0.330018287551 0.059805018591 0
0.329338493936 0.059813736973 0
0.328658697942 0.059822267806 0
0.327978899617 0.059830610849 0
0.32729909901 0.059838765859 0
0.326619296171 0.059846732596 0
0.325939491149 0.059854510817 0
0.325259683993 0.05986210028 0
0.324579874753 0.059869500744 0
0.32390006348 0.059876711967 0
0.323220250223 0.059883733707 0
0.322540435033 0.059890565722 0
0.321860617961 0.05989720777 0
0.321180799056 0.059903659611 0
0.320500978371 0.059909921001 0
0.319821155956 0.059915991699 0
0.319141331863 0.059921871463 0
0.318461506144 0.059927560052 0
0.317781678849 0.059933057223 0
0.317101850032 0.059938362735 0
0.316422019745 0.059943476346 0
0.315742188039 0.059948397812 0
0.315062354966 0.059953126683 0
0.314382520576 0.059957662151 0
0.313702684917 0.059962003371 0
0.313022848041 0.059966149499 0
0.312343009998 0.059970099688 0
0.31166317084 0.059973853096 0
0.31098333062 0.059977408875 0
0.31030348939 0.059980766183 0
0.309623647206 0.059983924173 0
0.308943804121 0.059986882002 0
0.308263960191 0.059989638823 0
0.307584115473 0.059992193793 0
0.306904270024 0.059994546066 0
0.3062244239 0.059996694797 0
0.305544577161 0.059998639142 0
0.304864729867 0.060000378255 0
0.304184882076 0.060001911292 0
0.303505033851 0.060003237408 0
0.302825185252 0.060004355758 0
0.302145336341 0.060005265497 0
0.301465487183 0.06000596578 0
0.300785637841 0.060006455823 0
0.300105788379 0.060006735128 0
0.299425938864 0.060006803284 0
0.29874608936 0.06000665988 0
0.298066239934 0.060006304504 0
0.297386390652 0.060005736744 0
0.296706541582 0.060004956189 0
0.296026692789 0.060003962427 0
0.295346844343 0.060002755047 0
0.29466699631 0.060001333637 0
0.293987148759 0.059999697786 0
0.293307301759 0.059997847082 0
0.29262745538 0.059995781114 0
0.29194760969 0.059993499469 0
0.291267764759 0.059991001737 0
0.290587920658 0.059988287505 0
0.289908077459 0.059985356363 0
0.28922823523 0.059982207898 0
0.288548394045 0.0599788417 0
0.287868553976 0.059975257356 0
0.287188715093 0.059971454456 0
0.286508877471 0.059967432544 0
0.285829041185 0.059963190928 0
0.285149206309 0.05995872883 0
0.284469372922 0.05995404547 0
0.283789541101 0.05994914007 0
0.283109710924 0.059944011852 0
0.282429882471 0.059938660037 0
0.281750055821 0.059933083847 0
0.281070231055 0.059927282503 0
0.280390408255 0.059921255227 0
0.279710587503 0.05991500124 0
0.279030768881 0.059908519764 0
0.278350952474 0.059901810021 0
0.277671138367 0.059894871232 0
0.276991326644 0.059887702618 0
0.276311517392 0.059880303402 0
0.275631710698 0.059872672804 0
0.274951906649 0.059864810048 0
0.274272105334 0.059856714353 0
0.273592306843 0.059848384942 0
0.272912511266 0.059839821036 0
0.272232718694 0.059831021821 0
0.271552929221 0.059821986379 0
0.270873142941 0.059812713781 0
0.27019335995 0.059803203094 0
0.269513580346 0.059793453386 0
0.268833804225 0.059783463725 0
0.268154031688 0.059773233181 0
0.267474262832 0.05976276082 0
0.26679449776 0.059752045712 0
0.266114736572 0.059741086924 0
0.265434979373 0.059729883525 0
0.264755226264 0.059718434583 0
0.264075477351 0.059706739167 0
0.26339573274 0.059694796345 0
0.262715992538 0.059682605185 0
0.262036256852 0.059670164756 0
0.261356525792 0.059657474126 0
0.260676799466 0.059644532363 0
0.259997077987 0.059631338536 0
0.259317361465 0.059617891714 0
0.258637650014 0.059604190983 0
0.257957943744 0.059590235621 0
0.257278242762 0.059576025007 0
0.256598547177 0.059561558526 0
0.2559188571 0.059546835561 0
0.255239172641 0.059531855494 0
0.254559493911 0.05951661771 0
0.253879821021 0.05950112159 0
0.253200154085 0.059485366519 0
0.252520493215 0.059469351879 0
0.251840838526 0.059453077054 0
0.251161190132 0.059436541427 0
0.250481548149 0.059419744381 0
0.249801912692 0.059402685299 0
0.249122283879 0.059385363566 0
0.248442661827 0.059367778563 0
0.247763046654 0.059349929674 0
0.247083438479 0.059331816284 0
0.246403837422 0.059313437774 0
0.245724243603 0.059294793529 0
0.245044657145 0.059275882916 0
0.244365078174 0.059256705094 0
0.243685506825 0.059237259076 0
0.243005943232 0.059217543875 0
0.242326387531 0.059197558501 0
0.241646839859 0.059177301967 0
0.240967300354 0.059156773282 0
0.240287769155 0.05913597146 0
0.239608246404 0.059114895511 0
0.238928732241 0.059093544448 0
0.238249226809 0.05907191728 0
0.237569730254 0.059050013021 0
0.236890242719 0.059027830682 0
0.236210764353 0.059005369274 0
0.235531295302 0.05898262781 0
0.234851835715 0.0589596053 0
0.234172385744 0.058936300757 0
0.233492945539 0.058912713194 0
0.232813515253 0.058888841621 0
0.23213409504 0.05886468505 0
0.231454685058 0.058840242454 0
0.23077528547 0.058815512602 0
0.230095896447 0.058790494204 0
0.229416518159 0.058765185967 0
0.228737150779 0.058739586601 0
0.22805779448 0.058713694814 0
0.22737844944 0.058687509316 0
0.226699115834 0.058661028814 0
0.226019793843 0.058634252018 0
0.225340483646 0.058607177638 0
0.224661185428 0.058579804381 0
0.223981899372 0.058552130957 0
0.223302625664 0.058524156076 0
0.222623364492 0.058495878446 0
0.221944116045 0.058467296777 0
0.221264880515 0.058438409778 0
0.220585658094 0.058409216159 0
0.219906448978 0.058379714629 0
0.219227253362 0.058349903899 0
0.218548071445 0.058319782696 0
0.217868903412 0.058289350033 0
0.217189749441 0.058258605138 0
0.216510609713 0.058227547244 0
0.215831484406 0.058196175584 0
0.215152373701 0.058164489392 0
0.214473277781 0.0581324879 0
0.21379419683 0.058100170342 0
0.21311513103 0.058067535951 0
0.212436080568 0.058034583961 0
0.21175704563 0.058001313606 0
0.211078026404 0.057967724119 0
0.210399023077 0.057933814733 0
0.209720035841 0.057899584682 0
0.209041064886 0.0578650332 0
0.208362110403 0.057830159521 0
0.207683172585 0.057794962879 0
0.207004251628 0.057759442507 0
0.206325347726 0.05772359764 0
0.205646461077 0.057687427456 0
0.204967591917 0.057650930521 0
0.204288740501 0.057614105014 0
0.203609907089 0.05757694911 0
0.202931091942 0.057539460985 0
0.202252295326 0.057501638812 0
0.201573517508 0.057463480767 0
0.200894758759 0.057424985025 0
0.20021601935 0.057386149762 0
0.199537299559 0.057346973152 0
0.198858599662 0.057307453372 0
0.198179919943 0.057267588597 0
0.197501260684 0.057227377003 0
0.196822622173 0.057186816766 0
0.196144004699 0.057145906063 0
0.195465408554 0.05710464307 0
0.194786834035 0.057063025964 0
0.19410828144 0.057021052921 0
0.193429751069 0.056978722119 0
0.192751243216 0.05693603189 0
0.192072758156 0.056892980936 0
0.191394296161 0.056849568013 0
0.190715857504 0.05680579188 0
0.190037442462 0.056761651293 0
0.189359051313 0.05671714501 0
0.188680684336 0.056672271789 0
0.188002341815 0.056627030388 0
0.187324024033 0.056581419564 0
0.186645731277 0.056535438076 0
0.185967463834 0.056489084682 0
0.185289221996 0.05644235814 0
0.184611006056 0.056395257208 0
0.183932816306 0.056347780645 0
0.183254653045 0.056299927211 0
0.182576516571 0.056251695663 0
0.181898407184 0.056203084762 0
0.181220325188 0.056154093266 0
0.180542270899 0.056104719786 0
0.179864244667 0.056054962492 0
0.179186246852 0.056004819473 0
0.178508277817 0.055954288817 0
0.177830337929 0.055903368612 0
0.177152427557 0.055852056947 0
0.176474547075 0.055800351912 0
0.175796696858 0.055748251596 0
0.175118877287 0.055695754089 0
0.174441088746 0.055642857479 0
0.17376333162 0.055589559859 0
0.173085606299 0.055535859316 0
0.172407913177 0.055481753944 0
0.171730252652 0.055427241832 0
0.171052625123 0.055372321072 0
0.170375030994 0.055316989755 0
0.169697470673 0.055261245973 0
0.169019944571 0.055205087826 0
0.168342453085 0.055148513586 0
0.167664996604 0.055091521709 0
0.166987575518 0.05503411066 0
0.166310190217 0.054976278904 0
0.165632841098 0.054918024908 0
0.164955528559 0.054859347136 0
0.164278253 0.054800244056 0
0.163601014826 0.054740714132 0
0.162923814443 0.054680755831 0
0.162246652261 0.054620367621 0
0.161569528693 0.054559547969 0
0.160892444155 0.054498295341 0
0.160215399065 0.054436608205 0
0.159538393846 0.054374485029 0
0.158861428922 0.054311924282 0
0.15818450472 0.054248924432 0
0.157507621673 0.054185483938 0
0.156830780278 0.054121600594 0
0.156153981138 0.054057271136 0
0.155477224871 0.053992492204 0
0.154800512102 0.053927260439 0
0.154123843463 0.053861572485 0
0.153447219593 0.053795424983 0
0.152770641136 0.053728814576 0
0.152094108747 0.053661737909 0
0.151417623083 0.053594191625 0
0.150741184813 0.05352617237 0
0.150064794608 0.053457676791 0
0.149388453151 0.053388701533 0
0.14871216113 0.053319243244 0
0.148035919239 0.053249298573 0
0.147359728181 0.053178864169 0
0.146683588667 0.053107936681 0
0.146007501408 0.053036512815 0
0.145331467052 0.052964589929 0
0.144655486209 0.052892165826 0
0.143979559491 0.052819238318 0
0.143303687513 0.052745805214 0
0.142627870899 0.052671864328 0
0.141952110276 0.052597413472 0
0.141276406276 0.052522450458 0
0.140600759535 0.0524469731 0
0.139925170697 0.052370979212 0
0.139249640408 0.052294466608 0
0.138574169322 0.052217433103 0
0.137898758096 0.052139876514 0
0.137223407393 0.052061794655 0
0.136548117881 0.051983185345 0
0.135872890234 0.0519040464 0
0.135197725131 0.051824375628 0
0.134522623295 0.051744170523 0
0.133847585495 0.051663428243 0
0.133172612508 0.051582145929 0
0.13249770512 0.051500320725 0
0.131822864121 0.051417949775 0
0.131148090312 0.051335030222 0
0.130473384497 0.051251559212 0
0.12979874749 0.05116753389 0
0.129124180111 0.051082951405 0
0.128449683187 0.050997808904 0
0.127775257554 0.050912103535 0
0.127100904053 0.05082583245 0
0.126426623533 0.050738992798 0
0.125752416851 0.050651581732 0
0.125078284871 0.050563596405 0
0.124404228489 0.050475033787 0
0.123730248789 0.050385889484 0
0.123056346947 0.050296158496 0
0.122382524154 0.05020583582 0
0.121708781614 0.050114916455 0
0.121035120544 0.050023395401 0
0.120361542174 0.049931267661 0
0.11968804775 0.049838528238 0
0.119014638529 0.04974517214 0
0.118341315785 0.049651194373 0
0.117668080803 0.049556589949 0
0.116994934883 0.049461353878 0
0.116321879342 0.049365481175 0
0.115648915507 0.049268966857 0
0.114976044722 0.049171805942 0
0.114303268342 0.049073993476 0
0.113630587696 0.048975524781 0
0.1129580041 0.048876395372 0
0.11228551888 0.048776600764 0
0.11161313338 0.048676136477 0
0.110940848955 0.048574998032 0
0.110268666975 0.048473180951 0
0.109596588823 0.048370680759 0
0.108924615896 0.048267492983 0
0.108252749606 0.048163613152 0
0.107580991379 0.048059036797 0
0.106909342653 0.047953759451 0
0.106237804884 0.04784777665 0
0.10556637954 0.047741083933 0
0.104895068104 0.04763367684 0
0.104223872097 0.047525550767 0
0.103552793141 0.047416700583 0
0.102881832897 0.04730712104 0
0.102210993038 0.047196806898 0
0.101540275261 0.047085752914 0
0.100869681275 0.046973953851 0
0.100199212811 0.046861404474 0
0.099528871616 0.046748099551 0
0.098858659457 0.046634033854 0
0.098188578116 0.046519202156 0
0.097518629398 0.046403599236 0
0.096848815122 0.046287219875 0
0.096179137128 0.046170058858 0
0.095509597275 0.046052110974 0
0.09484019752 0.045933370559 0
0.094170940195 0.045813829984 0
0.093501827754 0.045693481087 0
0.092832862683 0.045572315715 0
0.092164047497 0.045450325718 0
0.091495384742 0.045327502949 0
0.090826876997 0.045203839271 0
0.090158526871 0.045079326549 0
0.089490337004 0.044953956656 0
0.08882231007 0.044827721469 0
0.088154448774 0.044700612874 0
0.087486755854 0.044572622762 0
0.086819234081 0.044443743032 0
0.086151886256 0.044313965595 0
0.085484715187 0.044183282528 0
0.084817723676 0.044051686086 0
0.084150914559 0.04391916854 0
0.083484290706 0.043785722166 0
0.082817855018 0.043651339246 0
0.082151610431 0.04351601207 0
0.081485559915 0.043379732933 0
0.080819706475 0.043242494137 0
0.080154053148 0.043104287993 0
0.079488603007 0.042965106819 0
0.078823359162 0.042824942939 0
0.078158324754 0.042683788689 0
0.077493502986 0.0425416363 0
0.076828897603 0.042398475669 0
0.076164512884 0.042254294442 0
0.075500353191 0.04210908019 0
0.074836422941 0.041962820492 0
0.074172726616 0.04181550294 0
0.073509268756 0.04166711514 0
0.072846053965 0.041517644712 0
0.072183086908 0.041367079289 0
0.071520372313 0.041215406518 0
0.070857914973 0.041062614065 0
0.070195719745 0.040908689609 0
0.06953379155 0.040753620848 0
0.068872135475 0.040597395081 0
0.068210756932 0.040439998532 0
0.067549661455 0.04028141727 0
0.066888854653 0.040121637375 0
0.066228342216 0.039960644949 0
0.065568129913 0.039798426111 0
0.064908223592 0.039634966997 0
0.064248629184 0.039470253766 0
0.063589352702 0.039304272598 0
0.062930400241 0.039137009695 0
0.062271777979 0.038968451282 0
0.061613492191 0.038798583572 0
0.060955549747 0.038627390832 0
0.060297958375 0.038454854472 0
0.05964072598 0.038280955699 0
0.058983860591 0.038105675751 0
0.05832737036 0.037928995895 0
0.057671263565 0.03775089743 0
0.057015548609 0.037571361691 0
0.056360234025 0.037390370048 0
0.055705328473 0.037207903908 0
0.055050840745 0.03702394472 0
0.054396779765 0.036838473971 0
0.053743154977 0.036651471848 0
0.053089976956 0.036462915162 0
0.05243725661 0.036272780229 0
0.051785005025 0.036081043415 0
0.051133233471 0.035887681135 0
0.050481953407 0.035692669856 0
0.049831176475 0.035495986103 0
0.04918091451 0.035297606459 0
0.048531179537 0.035097507572 0
0.047881983778 0.034895666155 0
0.047233339734 0.034692058724 0
0.046585261718 0.034486656786 0
0.045937765742 0.034279427392 0
0.045290868167 0.03407033752 0
0.044644585653 0.033859354233 0
0.043998935167 0.03364644469 0
0.043353933987 0.033431576151 0
0.042709599707 0.033214715983 0
0.042065950236 0.032995831667 0
0.041423003809 0.032774890806 0
0.040780779066 0.032551860905 0
0.040139296559 0.032326705104 0
0.039498578696 0.032099382551 0
0.038858648384 0.031869852375 0
0.038219528985 0.03163807386 0
0.037581244321 0.031404006443 0
0.036943818681 0.031167609739 0
0.036307276826 0.030928843542 0
0.035671643999 0.030687667843 0
0.035036945924 0.030444042836 0
0.03440321075 0.030197923982 0
0.033770472669 0.029949253011 0
0.033138767607 0.029697969482 0
0.032508132298 0.029444013241 0
0.031878604305 0.029187324449 0
0.031250222027 0.028927843606 0
0.030623024716 0.028665511578 0
0.029997052488 0.028400269626 0
0.029372346369 0.028132059355 0
0.028748951125 0.027860816275 0
0.028126917434 0.027586465271 0
0.027506297694 0.027308930638 0
0.026887145596 0.027028137191 0
0.026269516142 0.026744010313 0
0.025653465664 0.026456476007 0
0.025039051842 0.026165460948 0
0.024426333715 0.02587089254 0
0.023815375248 0.025572691725 0
0.023206253459 0.02527075708 0
0.022599049791 0.024964983479 0
0.021993847933 0.024655266827 0
0.021390733861 0.02434150416 0
0.020789795867 0.024023593765 0
0.020191124583 0.023701435293 0
0.019594813489 0.023374929008 0
0.019000974453 0.023043948182 0
0.018409741868 0.022708333888 0
0.017821255584 0.022367927326 0
0.017235659923 0.022022572066 0
0.016653103743 0.021672114328 0
0.016073740497 0.021316403289 0
0.01549772844 0.020955291114 0
0.01492523981 0.020588619065 0
0.014356465831 0.020216211363 0
0.01379160539 0.019837894412 0
0.013230864125 0.019453498841 0
0.012674454454 0.019062860039 0
0.012122595541 0.018665818729 0
0.011575523525 0.018262207727 0
0.011033547343 0.017851780086 0
0.010497013572 0.017434263732 0
0.009966282721 0.017009396122 0
0.009441729201 0.016576925748 0
0.008923741158 0.016136613733 0
0.008412728763 0.015688225765 0
0.007909169493 0.01523148463 0
0.007413581282 0.01476610776 0
0.006926504452 0.014291831144 0
0.006448501101 0.013808412355 0
0.005980155209 0.013315632724 0
0.005522124943 0.012813252173 0
0.005075172651 0.012300992766 0
0.004640102306 0.011778606098 0
0.00421775242 0.011245884333 0
0.003808993536 0.010702666304 0
0.003414772858 0.010148809858 0
0.003036155572 0.009584174764 0
0.002674266035 0.009008678013 0
0.00233027579 0.008422309737 0
0.00200538842 0.007825148404 0
0.001700772486 0.007217399128 0
0.001417602524 0.006599369094 0
0.001157102009 0.005971450427 0
0.000920529205 0.005334134575 0
0.000709020785 0.004688070003 0
0.000523493605 0.004034072987 0
0.000364874401 0.003373036491 0
0.000234112832 0.002705932824 0
0.000131993292 0.002033849412 0
5.8800566e-05 0.001358003895 0
1.4734582e-05 0.000679636688 0
0 -0 0
1.4734582e-05 -0.000679636688 0
5.8800566e-05 -0.001358003895 0
0.000131993292 -0.002033849412 0
0.000234112832 -0.002705932824 0
0.000364874401 -0.003373036491 0
0.000523493605 -0.004034072987 0
0.000709020785 -0.004688070003 0
0.000920529205 -0.005334134575 0
0.001157102009 -0.005971450427 0
0.001417602524 -0.006599369094 0
0.001700772486 -0.007217399128 0
0.00200538842 -0.007825148404 0
0.00233027579 -0.008422309737 0
0.002674266035 -0.009008678013 0
0.003036155572 -0.009584174764 0
0.003414772858 -0.010148809858 0
0.003808993536 -0.010702666304 0
0.00421775242 -0.011245884333 0
0.004640102306 -0.011778606098 0
0.005075172651 -0.012300992766 0
0.005522124943 -0.012813252173 0
0.005980155209 -0.013315632724 0
0.006448501101 -0.013808412355 0
0.006926504452 -0.014291831144 0
0.007413581282 -0.01476610776 0
0.007909169493 -0.01523148463 0
0.008412728763 -0.015688225765 0
0.008923741158 -0.016136613733 0
0.009441729201 -0.016576925748 0
0.009966282721 -0.017009396122 0
0.010497013572 -0.017434263732 0
0.011033547343 -0.017851780086 0
0.011575523525 -0.018262207727 0
0.012122595541 -0.018665818729 0
0.012674454454 -0.019062860039 0
0.013230864125 -0.019453498841 0
0.01379160539 -0.019837894412 0
0.014356465831 -0.020216211363 0
0.01492523981 -0.020588619065 0
0.01549772844 -0.020955291114 0
0.016073740497 -0.021316403289 0
0.016653103743 -0.021672114328 0
0.017235659923 -0.022022572066 0
0.017821255584 -0.022367927326 0
0.018409741868 -0.022708333888 0
0.019000974453 -0.023043948182 0
0.019594813489 -0.023374929008 0
0.020191124583 -0.023701435293 0
0.020789795867 -0.024023593765 0
0.021390733861 -0.02434150416 0
0.021993847933 -0.024655266827 0
0.022599049791 -0.024964983479 0
0.023206253459 -0.02527075708 0
0.023815375248 -0.025572691725 0
0.024426333715 -0.02587089254 0
0.025039051842 -0.026165460948 0
0.025653465664 -0.026456476007 0
0.026269516142 -0.026744010313 0
0.026887145596 -0.027028137191 0
0.027506297694 -0.027308930638 0
0.028126917434 -0.027586465271 0
0.028748951125 -0.027860816275 0
0.029372346369 -0.028132059355 0
0.029997052488 -0.028400269626 0
0.030623024716 -0.028665511578 0
0.031250222027 -0.028927843606 0
0.031878604305 -0.029187324449 0
0.032508132298 -0.029444013241 0
0.033138767607 -0.029697969482 0
0.033770472669 -0.029949253011 0
0.03440321075 -0.030197923982 0
0.035036945924 -0.030444042836 0
0.035671643999 -0.030687667843 0
0.036307276826 -0.030928843542 0
0.036943818681 -0.031167609739 0
0.037581244321 -0.031404006443 0
0.038219528985 -0.03163807386 0
0.038858648384 -0.031869852375 0
0.039498578696 -0.032099382551 0
0.040139296559 -0.032326705104 0
0.040780779066 -0.032551860905 0
0.041423003809 -0.032774890806 0
0.042065950236 -0.032995831667 0
0.042709599707 -0.033214715983 0
0.043353933987 -0.033431576151 0
0.043998935167 -0.03364644469 0
0.044644585653 -0.033859354233 0
0.045290868167 -0.03407033752 0
0.045937765742 -0.034279427392 0
0.046585261718 -0.034486656786 0
0.047233339734 -0.034692058724 0
0.047881983778 -0.034895666155 0
0.048531179537 -0.035097507572 0
0.04918091451 -0.035297606459 0
0.049831176475 -0.035495986103 0
0.050481953407 -0.035692669856 0
0.051133233471 -0.035887681135 0
0.051785005025 -0.036081043415 0
0.05243725661 -0.036272780229 0
0.053089976956 -0.036462915162 0
0.053743154977 -0.036651471848 0
0.054396779765 -0.036838473971 0
0.055050840745 -0.03702394472 0
0.055705328473 -0.037207903908 0
0.056360234025 -0.037390370048 0
0.057015548609 -0.037571361691 0
0.057671263565 -0.03775089743 0
0.05832737036 -0.037928995895 0
0.058983860591 -0.038105675751 0
0.05964072598 -0.038280955699 0
0.060297958375 -0.038454854472 0
0.060955549747 -0.038627390832 0
0.061613492191 -0.038798583572 0
0.062271777979 -0.038968451282 0
0.062930400241 -0.039137009695 0
0.063589352702 -0.039304272598 0
0.064248629184 -0.039470253766 0
0.064908223592 -0.039634966997 0
0.065568129913 -0.039798426111 0
0.066228342216 -0.039960644949 0
0.066888854653 -0.040121637375 0
0.067549661455 -0.04028141727 0
0.068210756932 -0.040439998532 0
0.068872135475 -0.040597395081 0
0.06953379155 -0.040753620848 0
0.070195719745 -0.040908689609 0
0.070857914973 -0.041062614065 0
0.071520372313 -0.041215406518 0
0.072183086908 -0.041367079289 0
0.072846053965 -0.041517644712 0
0.073509268756 -0.04166711514 0
0.074172726616 -0.04181550294 0
0.074836422941 -0.041962820492 0
0.075500353191 -0.04210908019 0
0.076164512884 -0.042254294442 0
0.076828897603 -0.042398475669 0
0.077493502986 -0.0425416363 0
0.078158324754 -0.042683788689 0
0.078823359162 -0.042824942939 0
0.079488603007 -0.042965106819 0
0.080154053148 -0.043104287993 0
0.080819706475 -0.043242494137 0
0.081485559915 -0.043379732933 0
0.082151610431 -0.04351601207 0
0.082817855018 -0.043651339246 0
0.083484290706 -0.043785722166 0
0.084150914559 -0.04391916854 0
0.084817723676 -0.044051686086 0
0.085484715187 -0.044183282528 0
0.086151886256 -0.044313965595 0
0.086819234081 -0.044443743032 0
0.087486755854 -0.044572622762 0
0.088154448774 -0.044700612874 0
0.08882231007 -0.044827721469 0
0.089490337004 -0.044953956656 0
0.090158526871 -0.045079326549 0
0.090826876997 -0.045203839271 0
0.091495384742 -0.045327502949 0
0.092164047497 -0.045450325718 0
0.092832862683 -0.045572315715 0
0.093501827754 -0.045693481087 0
0.094170940195 -0.045813829984 0
0.09484019752 -0.045933370559 0
0.095509597275 -0.046052110974 0
0.096179137128 -0.046170058858 0
0.096848815122 -0.046287219875 0
0.097518629398 -0.046403599236 0
0.098188578116 -0.046519202156 0
0.098858659457 -0.046634033854 0
0.099528871616 -0.046748099551 0
0.100199212811 -0.046861404474 0
0.100869681275 -0.046973953851 0
0.101540275261 -0.047085752914 0
0.102210993038 -0.047196806898 0
0.102881832897 -0.04730712104 0
0.103552793141 -0.047416700583 0
0.104223872097 -0.047525550767 0
0.104895068104 -0.04763367684 0
0.10556637954 -0.047741083933 0
0.106237804884 -0.04784777665 0
0.106909342653 -0.047953759451 0
0.107580991379 -0.048059036797 0
0.108252749606 -0.048163613152 0
0.108924615896 -0.048267492983 0
0.109596588823 -0.048370680759 0
0.110268666975 -0.048473180951 0
0.110940848955 -0.048574998032 0
0.11161313338 -0.048676136477 0
0.11228551888 -0.048776600764 0
0.1129580041 -0.048876395372 0
0.113630587696 -0.048975524781 0
0.114303268342 -0.049073993476 0
0.114976044722 -0.049171805942 0
0.115648915507 -0.049268966857 0
0.116321879342 -0.049365481175 0
0.116994934883 -0.049461353878 0
0.117668080803 -0.049556589949 0
0.118341315785 -0.049651194373 0
0.119014638529 -0.04974517214 0
0.11968804775 -0.049838528238 0
0.120361542174 -0.049931267661 0
0.121035120544 -0.050023395401 0
0.121708781614 -0.050114916455 0
0.122382524154 -0.05020583582 0
0.123056346947 -0.050296158496 0
0.123730248789 -0.050385889484 0
0.124404228489 -0.050475033787 0
0.125078284871 -0.050563596405 0
0.125752416851 -0.050651581732 0
0.126426623533 -0.050738992798 0
0.127100904053 -0.05082583245 0
0.127775257554 -0.050912103535 0
0.128449683187 -0.050997808904 0
0.129124180111 -0.051082951405 0
0.12979874749 -0.05116753389 0
0.130473384497 -0.051251559212 0
0.131148090312 -0.051335030222 0
0.131822864121 -0.051417949775 0
0.13249770512 -0.051500320725 0
0.133172612508 -0.051582145929 0
0.133847585495 -0.051663428243 0
0.134522623295 -0.051744170523 0
0.135197725131 -0.051824375628 0
0.135872890234 -0.0519040464 0
0.136548117881 -0.051983185345 0
0.137223407393 -0.052061794655 0
0.137898758096 -0.052139876514 0
0.138574169322 -0.052217433103 0
0.139249640408 -0.052294466608 0
0.139925170697 -0.052370979212 0
0.140600759535 -0.0524469731 0
0.141276406276 -0.052522450458 0
0.141952110276 -0.052597413472 0
0.142627870899 -0.052671864328 0
0.143303687513 -0.052745805214 0
0.143979559491 -0.052819238318 0
0.144655486209 -0.052892165826 0
0.145331467052 -0.052964589929 0
0.146007501408 -0.053036512815 0
0.146683588667 -0.053107936681 0
0.147359728181 -0.053178864169 0
0.148035919239 -0.053249298573 0
0.14871216113 -0.053319243244 0
0.149388453151 -0.053388701533 0
0.150064794608 -0.053457676791 0
0.150741184813 -0.05352617237 0
0.151417623083 -0.053594191625 0
0.152094108747 -0.053661737909 0
0.152770641136 -0.053728814576 0
0.153447219593 -0.053795424983 0
0.154123843463 -0.053861572485 0
0.154800512102 -0.053927260439 0
0.155477224871 -0.053992492204 0
0.156153981138 -0.054057271136 0
0.156830780278 -0.054121600594 0
0.157507621673 -0.054185483938 0
0.15818450472 -0.054248924432 0
0.158861428922 -0.054311924282 0
0.159538393846 -0.054374485029 0
0.160215399065 -0.054436608205 0
0.160892444155 -0.054498295341 0
0.161569528693 -0.054559547969 0
0.162246652261 -0.054620367621 0
0.162923814443 -0.054680755831 0
0.163601014826 -0.054740714132 0
0.164278253 -0.054800244056 0
0.164955528559 -0.054859347136 0
0.165632841098 -0.054918024908 0
0.166310190217 -0.054976278904 0
0.166987575518 -0.05503411066 0
0.167664996604 -0.055091521709 0
0.168342453085 -0.055148513586 0
0.169019944571 -0.055205087826 0
0.169697470673 -0.055261245973 0
0.170375030994 -0.055316989755 0
0.171052625123 -0.055372321072 0
0.171730252652 -0.055427241832 0
0.172407913177 -0.055481753944 0
0.173085606299 -0.055535859316 0
0.17376333162 -0.055589559859 0
0.174441088746 -0.055642857479 0
0.175118877287 -0.055695754089 0
0.175796696858 -0.055748251596 0
0.176474547075 -0.055800351912 0
0.177152427557 -0.055852056947 0
0.177830337929 -0.055903368612 0
0.178508277817 -0.055954288817 0
0.179186246852 -0.056004819473 0
0.179864244667 -0.056054962492 0
0.180542270899 -0.056104719786 0
0.181220325188 -0.056154093266 0
0.181898407184 -0.056203084762 0
0.182576516571 -0.056251695663 0
0.183254653045 -0.056299927211 0
0.183932816306 -0.056347780645 0
0.184611006056 -0.056395257208 0
0.185289221996 -0.05644235814 0
0.185967463834 -0.056489084682 0
0.186645731277 -0.056535438076 0
0.187324024033 -0.056581419564 0
0.188002341815 -0.056627030388 0
0.188680684336 -0.056672271789 0
0.189359051313 -0.05671714501 0
0.190037442462 -0.056761651293 0
0.190715857504 -0.05680579188 0
0.191394296161 -0.056849568013 0
0.192072758156 -0.056892980936 0
0.192751243216 -0.05693603189 0
0.193429751069 -0.056978722119 0
0.19410828144 -0.057021052921 0
0.194786834035 -0.057063025964 0
0.195465408554 -0.05710464307 0
0.196144004699 -0.057145906063 0
0.196822622173 -0.057186816766 0
0.197501260684 -0.057227377003 0
0.198179919943 -0.057267588597 0
0.198858599662 -0.057307453372 0
0.199537299559 -0.057346973152 0
0.20021601935 -0.057386149762 0
0.200894758759 -0.057424985025 0
0.201573517508 -0.057463480767 0
0.202252295326 -0.057501638812 0
0.202931091942 -0.057539460985 0
0.203609907089 -0.05757694911 0
0.204288740501 -0.057614105014 0
0.204967591917 -0.057650930521 0
0.205646461077 -0.057687427456 0
0.206325347726 -0.05772359764 0
0.207004251628 -0.057759442507 0
0.207683172585 -0.057794962879 0
0.208362110403 -0.057830159521 0
0.209041064886 -0.0578650332 0
0.209720035841 -0.057899584682 0
0.210399023077 -0.057933814733 0
0.211078026404 -0.057967724119 0
0.21175704563 -0.058001313606 0
0.212436080568 -0.058034583961 0
0.21311513103 -0.058067535951 0
0.21379419683 -0.058100170342 0
0.214473277781 -0.0581324879 0
0.215152373701 -0.058164489392 0
0.215831484406 -0.058196175584 0
0.216510609713 -0.058227547244 0
0.217189749441 -0.058258605138 0
0.217868903412 -0.058289350033 0
0.218548071445 -0.058319782696 0
0.219227253362 -0.058349903899 0
0.219906448978 -0.058379714629 0
0.220585658094 -0.058409216159 0
0.221264880515 -0.058438409778 0
0.221944116045 -0.058467296777 0
0.222623364492 -0.058495878446 0
0.223302625664 -0.058524156076 0
0.223981899372 -0.058552130957 0
0.224661185428 -0.058579804381 0
0.225340483646 -0.058607177638 0
0.226019793843 -0.058634252018 0
0.226699115834 -0.058661028814 0
0.22737844944 -0.058687509316 0
0.22805779448 -0.058713694814 0
0.228737150779 -0.058739586601 0
0.229416518159 -0.058765185967 0
0.230095896447 -0.058790494204 0
0.23077528547 -0.058815512602 0
0.231454685058 -0.058840242454 0
0.23213409504 -0.05886468505 0
0.232813515253 -0.058888841621 0
0.233492945539 -0.058912713194 0
0.234172385744 -0.058936300757 0
0.234851835715 -0.0589596053 0
0.235531295302 -0.05898262781 0
0.236210764353 -0.059005369274 0
0.236890242719 -0.059027830682 0
0.237569730254 -0.059050013021 0
0.238249226809 -0.05907191728 0
0.238928732241 -0.059093544448 0
0.239608246404 -0.059114895511 0
0.240287769155 -0.05913597146 0
0.240967300354 -0.059156773282 0
0.241646839859 -0.059177301967 0
0.242326387531 -0.059197558501 0
0.243005943232 -0.059217543875 0
0.243685506825 -0.059237259076 0
0.244365078174 -0.059256705094 0
0.245044657145 -0.059275882916 0
0.245724243603 -0.059294793529 0
0.246403837422 -0.059313437774 0
0.247083438479 -0.059331816284 0
0.247763046654 -0.059349929674 0
0.248442661827 -0.059367778563 0
0.249122283879 -0.059385363566 0
0.249801912692 -0.059402685299 0
0.250481548149 -0.059419744381 0
0.251161190132 -0.059436541427 0
0.251840838526 -0.059453077054 0
0.252520493215 -0.059469351879 0
0.253200154085 -0.059485366519 0
0.253879821021 -0.05950112159 0
0.254559493911 -0.05951661771 0
0.255239172641 -0.059531855494 0
0.2559188571 -0.059546835561 0
0.256598547177 -0.059561558526 0
0.257278242762 -0.059576025007 0
0.257957943744 -0.059590235621 0
0.258637650014 -0.059604190983 0
0.259317361465 -0.059617891714 0
0.259997077987 -0.059631338536 0
0.260676799466 -0.059644532363 0
0.261356525792 -0.059657474126 0
0.262036256852 -0.059670164756 0
0.262715992538 -0.059682605185 0
0.26339573274 -0.059694796345 0
0.264075477351 -0.059706739167 0
0.264755226264 -0.059718434583 0
0.265434979373 -0.059729883525 0
0.266114736572 -0.059741086924 0
0.26679449776 -0.059752045712 0
0.267474262832 -0.05976276082 0
0.268154031688 -0.059773233181 0
0.268833804225 -0.059783463725 0
0.269513580346 -0.059793453386 0
0.27019335995 -0.059803203094 0
0.270873142941 -0.059812713781 0
0.271552929221 -0.059821986379 0
0.272232718694 -0.059831021821 0
0.272912511266 -0.059839821036 0
0.273592306843 -0.059848384942 0
0.274272105334 -0.059856714353 0
0.274951906649 -0.059864810048 0
0.275631710698 -0.059872672804 0
0.276311517392 -0.059880303402 0
0.276991326644 -0.059887702618 0
0.277671138367 -0.059894871232 0
0.278350952474 -0.059901810021 0
0.279030768881 -0.059908519764 0
0.279710587503 -0.05991500124 0
0.280390408255 -0.059921255227 0
0.281070231055 -0.059927282503 0
0.281750055821 -0.059933083847 0
0.282429882471 -0.059938660037 0
0.283109710924 -0.059944011852 0
0.283789541101 -0.05994914007 0
0.284469372922 -0.05995404547 0
0.285149206309 -0.05995872883 0
0.285829041185 -0.059963190928 0
0.286508877471 -0.059967432544 0
0.287188715093 -0.059971454456 0
0.287868553976 -0.059975257356 0
0.288548394045 -0.0599788417 0
0.28922823523 -0.059982207898 0
0.289908077459 -0.059985356363 0
0.290587920658 -0.059988287505 0
0.291267764759 -0.059991001737 0
0.29194760969 -0.059993499469 0
0.29262745538 -0.059995781114 0
0.293307301759 -0.059997847082 0
0.293987148759 -0.059999697786 0
0.29466699631 -0.060001333637 0
0.295346844343 -0.060002755047 0
0.296026692789 -0.060003962427 0
0.296706541582 -0.060004956189 0
0.297386390652 -0.060005736744 0
0.298066239934 -0.060006304504 0
0.29874608936 -0.06000665988 0
0.299425938864 -0.060006803284 0
0.300105788379 -0.060006735128 0
0.300785637841 -0.060006455823 0
0.301465487183 -0.06000596578 0
0.302145336341 -0.060005265497 0
0.302825185252 -0.060004355758 0
0.303505033851 -0.060003237408 0
0.304184882076 -0.060001911292 0
0.304864729867 -0.060000378255 0
0.305544577161 -0.059998639142 0
0.3062244239 -0.059996694797 0
0.306904270024 -0.059994546066 0
0.307584115473 -0.059992193793 0
0.308263960191 -0.059989638823 0
0.308943804121 -0.059986882002 0
0.309623647206 -0.059983924173 0
0.31030348939 -0.059980766183 0
0.31098333062 -0.059977408875 0
0.31166317084 -0.059973853096 0
0.312343009998 -0.059970099688 0
0.313022848041 -0.059966149499 0
0.313702684917 -0.059962003371 0
0.314382520576 -0.059957662151 0
0.315062354966 -0.059953126683 0
0.315742188039 -0.059948397812 0
0.316422019745 -0.059943476346 0
0.317101850032 -0.059938362735 0
0.317781678849 -0.059933057223 0
0.318461506144 -0.059927560052 0
0.319141331863 -0.059921871463 0
0.319821155956 -0.059915991699 0
0.320500978371 -0.059909921001 0
0.321180799056 -0.059903659611 0
0.321860617961 -0.05989720777 0
0.322540435033 -0.059890565722 0
0.323220250223 -0.059883733707 0
0.32390006348 -0.059876711967 0
0.324579874753 -0.059869500744 0
0.325259683993 -0.05986210028 0
0.325939491149 -0.059854510817 0
0.326619296171 -0.059846732596 0
0.32729909901 -0.059838765859 0
0.327978899617 -0.059830610849 0
0.328658697942 -0.059822267806 0
0.329338493936 -0.059813736973 0
0.330018287551 -0.059805018591 0
0.330698078738 -0.059796112903 0
0.33137786745 -0.059787020229 0
0.332057653642 -0.059777741128 0
0.332737437273 -0.059768276203 0
0.333417218299 -0.059758626056 0
0.33409699668 -0.05974879129 0
0.334776772373 -0.059738772507 0
0.335456545338 -0.059728570309 0
0.336136315535 -0.0597181853 0
0.336816082924 -0.059707618081 0
0.337495847466 -0.059696869256 0
0.338175609121 -0.059685939426 0
0.338855367852 -0.059674829195 0
0.33953512362 -0.059663539164 0
0.340214876389 -0.059652069936 0
0.340894626121 -0.059640422114 0
0.341574372779 -0.059628596299 0
0.342254116328 -0.059616593096 0
0.342933856732 -0.059604413104 0
0.343613593957 -0.059592056928 0
0.344293327967 -0.05957952517 0
0.344973058728 -0.059566818432 0
0.345652786208 -0.059553937316 0
0.346332510372 -0.059540882399 0
0.347012231185 -0.059527654207 0
0.347691948615 -0.05951425326 0
0.348371662627 -0.059500680077 0
0.349051373188 -0.05948693518 0
0.349731080267 -0.059473019087 0
0.350410783829 -0.059458932319 0
0.351090483843 -0.059444675395 0
0.351770180279 -0.059430248836 0
0.352449873103 -0.059415653161 0
0.353129562287 -0.059400888889 0
0.353809247798 -0.059385956542 0
0.354488929608 -0.059370856638 0
0.355168607686 -0.059355589698 0
0.355848282004 -0.059340156241 0
0.356527952532 -0.059324556787 0
0.357207619242 -0.059308791856 0
0.357887282106 -0.059292861968 0
0.358566941096 -0.059276767643 0
0.359246596184 -0.0592605094 0
0.359926247344 -0.059244087758 0
0.36060589455 -0.059227503239 0
0.361285537772 -0.059210756281 0
0.361965176977 -0.059193847118 0
0.362644812133 -0.059176775952 0
0.363324443206 -0.059159542985 0
0.364004070162 -0.059142148418 0
0.364683692967 -0.059124592453 0
0.36536331159 -0.059106875291 0
0.366042925996 -0.059088997134 0
0.366722536154 -0.059070958184 0
0.367402142029 -0.059052758641 0
0.368081743591 -0.059034398708 0
0.368761340806 -0.059015878586 0
0.369440933643 -0.058997198477 0
0.370120522069 -0.058978358581 0
0.370800106051 -0.058959359102 0
0.37147968556 -0.058940200239 0
0.372159260561 -0.058920882196 0
0.372838831025 -0.058901405172 0
0.37351839692 -0.05888176937 0
0.374197958214 -0.058861974992 0
0.374877514877 -0.058842022238 0
0.375557066877 -0.058821911311 0
0.376236614184 -0.058801642457 0
0.376916156779 -0.058781216212 0
0.377595694645 -0.058760633218 0
0.378275227764 -0.05873989412 0
0.37895475612 -0.058718999562 0
0.379634279699 -0.058697950187 0
0.380313798484 -0.058676746639 0
0.380993312461 -0.058655389562 0
0.381672821616 -0.0586338796 0
0.382352325935 -0.058612217397 0
0.383031825404 -0.058590403596 0
0.38371132001 -0.058568438842 0
0.384390809741 -0.058546323777 0
0.385070294584 -0.058524059047 0
0.385749774527 -0.058501645294 0
0.38642924956 -0.058479083162 0
0.387108719672 -0.058456373295 0
0.387788184851 -0.058433516337 0
0.388467645088 -0.058410512932 0
0.389147100373 -0.058387363722 0
0.389826550697 -0.058364069352 0
0.390505996051 -0.058340630466 0
0.391185436426 -0.058317047701 0
0.391864871806 -0.058293321452 0
0.392544302162 -0.058269451781 0
0.393223727466 -0.058245438723 0
0.393903147688 -0.058221282315 0
0.3945825628 -0.058196982593 0
0.395261972772 -0.058172539594 0
0.395941377575 -0.058147953355 0
0.396620777181 -0.058123223911 0
0.397300171561 -0.0580983513 0
0.397979560686 -0.058073335558 0
0.398658944527 -0.058048176721 0
0.399338323055 -0.058022874825 0
0.400017696242 -0.057997429908 0
0.400697064058 -0.057971842006 0
0.401376426475 -0.057946111154 0
0.402055783464 -0.057920237391 0
0.402735134996 -0.057894220751 0
0.403414481044 -0.057868061272 0
0.404093821577 -0.05784175899 0
0.404773156568 -0.057815313941 0
0.405452485988 -0.057788726162 0
0.406131809807 -0.05776199569 0
0.406811128001 -0.057735122607 0
0.407490440557 -0.057708107414 0
0.408169747477 -0.057680950836 0
0.408849048758 -0.057653653597 0
0.409528344402 -0.057626216424 0
0.410207634409 -0.057598640042 0
0.41088691878 -0.057570925177 0
0.411566197517 -0.057543072553 0
0.412245470621 -0.057515082897 0
0.412924738094 -0.057486956934 0
0.41360399994 -0.05745869539 0
0.414283256162 -0.057430298989 0
0.414962506763 -0.057401768458 0
0.415641751748 -0.057373104522 0
0.416320991121 -0.057344307906 0
0.417000224887 -0.057315379335 0
0.41767945305 -0.057286319536 0
0.418358675618 -0.057257129232 0
0.419037892597 -0.057227809151 0
0.419717103992 -0.057198360016 0
0.42039630981 -0.057168782554 0
0.421075510061 -0.057139077489 0
0.42175470475 -0.057109245546 0
0.422433893881 -0.057079287323 0
0.42311307743 -0.057049202831 0
0.423792255368 -0.057018991917 0
0.424471427664 -0.056988654429 0
0.425150594287 -0.056958190212 0
0.425829755208 -0.056927599114 0
0.426508910394 -0.056896880981 0
0.427188059815 -0.056866035661 0
0.427867203442 -0.056835063 0
0.428546341241 -0.056803962845 0
0.429225473184 -0.056772735043 0
0.429904599237 -0.056741379441 0
0.430583719371 -0.056709895885 0
0.431262833554 -0.056678284224 0
0.431941941755 -0.056646544302 0
0.432621043942 -0.056614675968 0
0.433300140083 -0.056582679068 0
0.433979230147 -0.056550553449 0
0.434658314102 -0.056518298958 0
0.435337391917 -0.056485915442 0
0.436016463559 -0.056453402748 0
0.436695528997 -0.056420760723 0
0.437374588198 -0.056387989213 0
0.438053641138 -0.056355088209 0
0.438732687813 -0.056322058177 0
0.439411728228 -0.056288899684 0
0.440090762386 -0.056255613294 0
0.440769790289 -0.056222199575 0
0.441448811943 -0.056188659091 0
0.442127827352 -0.056154992408 0
0.44280683652 -0.056121200093 0
0.443485839452 -0.056087282711 0
0.444164836154 -0.056053240827 0
0.444843826631 -0.056019075008 0
0.445522810888 -0.055984785819 0
0.446201788933 -0.055950373826 0
0.446880760772 -0.055915839594 0
0.447559726411 -0.055881183689 0
0.448238685858 -0.055846406677 0
0.448917639119 -0.055811509124 0
0.449596586204 -0.055776491594 0
0.450275527119 -0.055741354654 0
0.450954461873 -0.055706098869 0
0.451633390475 -0.055670724805 0
0.452312312934 -0.055635233027 0
0.452991229258 -0.0555996241 0
0.453670139454 -0.055563898535 0
0.45434904352 -0.055528056659 0
0.455027941451 -0.055492098761 0
0.455706833242 -0.05545602513 0
0.456385718889 -0.055419836057 0
0.457064598388 -0.055383531831 0
0.457743471735 -0.055347112742 0
0.458422338926 -0.055310579079 0
0.459101199956 -0.055273931133 0
0.459780054823 -0.055237169191 0
0.460458903523 -0.055200293545 0
0.461137746053 -0.055163304484 0
0.46181658241 -0.055126202297 0
0.462495412589 -0.055088987275 0
0.46317423659 -0.055051659705 0
0.463853054408 -0.055014219879 0
0.464531866042 -0.054976668086 0
0.465210671488 -0.054939004614 0
0.465889470745 -0.054901229755 0
0.46656826381 -0.054863343797 0
0.467247050681 -0.054825347029 0
0.467925831357 -0.054787239742 0
0.468604605835 -0.054749022225 0
0.469283374112 -0.054710694732 0
0.469962136177 -0.054672257373 0
0.470640892016 -0.054633710225 0
0.471319641615 -0.054595053362 0
0.47199838496 -0.05455628686 0
0.472677122039 -0.054517410794 0
0.473355852838 -0.054478425241 0
0.474034577344 -0.054439330274 0
0.474713295543 -0.05440012597 0
0.475392007422 -0.054360812403 0
0.476070712967 -0.054321389649 0
0.476749412166 -0.054281857785 0
0.477428105006 -0.054242216883 0
0.478106791472 -0.054202467021 0
0.478785471552 -0.054162608274 0
0.479464145233 -0.054122640716 0
0.480142812502 -0.054082564424 0
0.480821473346 -0.054042379472 0
0.481500127751 -0.054002085936 0
0.482178775705 -0.053961683891 0
0.482857417196 -0.053921173413 0
0.483536052209 -0.053880554577 0
0.484214680732 -0.053839827458 0
0.484893302753 -0.053798992132 0
0.485571918259 -0.053758048675 0
0.486250527236 -0.053716997164 0
0.486929129673 -0.053675837676 0
0.487607725557 -0.053634570288 0
0.488286314876 -0.053593195077 0
0.488964897616 -0.053551712119 0
0.489643473765 -0.053510121492 0
0.490322043312 -0.053468423272 0
0.491000606243 -0.053426617536 0
0.491679162547 -0.053384704361 0
0.49235771221 -0.053342683824 0
0.493036255221 -0.053300556002 0
0.493714791567 -0.053258320971 0
0.494393321236 -0.053215978808 0
0.495071844217 -0.053173529591 0
0.495750360496 -0.053130973396 0
0.496428870062 -0.053088310299 0
0.497107372903 -0.053045540378 0
0.497785869007 -0.05300266371 0
0.498464358361 -0.052959680371 0
0.499142840954 -0.052916590439 0
0.499821316773 -0.052873393989 0
0.50049978581 -0.052830091139 0
0.501178248079 -0.052786682372 0
0.501856703606 -0.052743168367 0
0.502535152419 -0.052699549804 0
0.503213594546 -0.052655827362 0
0.503892030014 -0.052612001723 0
0.504570458852 -0.052568073566 0
0.505248881089 -0.052524043572 0
0.505927296752 -0.052479912421 0
0.506605705872 -0.052435680793 0
0.507284108478 -0.052391349368 0
0.5079625046 -0.052346918827 0
0.508640894268 -0.052302389849 0
0.509319277512 -0.052257763115 0
0.509997654363 -0.052213039305 0
0.510676024852 -0.052168219098 0
0.51135438901 -0.052123303175 0
0.512032746869 -0.052078292216 0
0.512711098461 -0.052033186901 0
0.513389443817 -0.05198798791 0
0.514067782971 -0.051942695923 0
0.514746115954 -0.051897311619 0
0.5154244428 -0.051851835679 0
0.51610276354 -0.051806268746 0
0.516781078166 -0.051760610895 0
0.517459386641 -0.051714861744 0
0.518137688925 -0.051669020899 0
0.518815984979 -0.051623087967 0
0.519494274764 -0.051577062554 0
0.520172558241 -0.051530944266 0
0.520850835369 -0.051484732709 0
0.52152910611 -0.051438427491 0
0.522207370423 -0.051392028216 0
0.522885628269 -0.051345534492 0
0.523563879606 -0.051298945924 0
0.524242124395 -0.05125226212 0
0.524920362595 -0.051205482685 0
0.525598594165 -0.051158607226 0
0.526276819064 -0.051111635349 0
0.526955037252 -0.051064566661 0
0.527633248686 -0.051017400768 0
0.528311453326 -0.050970137276 0
0.52898965113 -0.050922775792 0
0.529667842056 -0.050875315922 0
0.530346026062 -0.050827757273 0
0.531024203106 -0.050780099451 0
0.531702373147 -0.050732342081 0
0.532380536181 -0.050684485306 0
0.533058692244 -0.050636529855 0
0.533736841376 -0.050588476488 0
0.534414983617 -0.050540325968 0
0.535093119006 -0.050492079053 0
0.535771247585 -0.050443736506 0
0.536449369394 -0.050395299087 0
0.537127484474 -0.050346767556 0
0.537805592867 -0.050298142674 0
0.538483694614 -0.050249425202 0
0.539161789757 -0.0502006159 0
0.539839878339 -0.050151715529 0
0.540517960402 -0.050102724849 0
0.54119603599 -0.050053644621 0
0.541874105145 -0.050004475606 0
0.542552167912 -0.049955218564 0
0.543230224333 -0.049905874255 0
0.543908274454 -0.04985644344 0
0.544586318318 -0.049806926879 0
0.54526435597 -0.049757325333 0
0.545942387456 -0.049707639562 0
0.54662041282 -0.049657870326 0
0.547298432108 -0.049608018377 0
0.547976445331 -0.049558084008 0
0.548654452451 -0.049508066855 0
0.549332453429 -0.049457966502 0
0.550010448223 -0.049407782532 0
0.550688436792 -0.049357514528 0
0.551366419094 -0.049307162076 0
0.552044395088 -0.049256724758 0
0.552722364732 -0.049206202159 0
0.553400327985 -0.049155593863 0
0.554078284803 -0.049104899452 0
0.554756235146 -0.049054118512 0
0.555434178971 -0.049003250626 0
0.556112116235 -0.048952295378 0
0.556790046896 -0.048901252351 0
0.557467970911 -0.048850121131 0
0.558145888236 -0.0487989013 0
0.55882379883 -0.048747592443 0
0.559501702647 -0.048696194144 0
0.560179599646 -0.048644705986 0
0.560857489782 -0.048593127554 0
0.561535373012 -0.048541458432 0
0.562213249291 -0.048489698203 0
0.562891118577 -0.048437846458 0
0.563568980851 -0.048385903143 0
0.564246836141 -0.04833386876 0
0.564924684477 -0.048281743861 0
0.565602525889 -0.048229528996 0
0.566280360407 -0.048177224717 0
0.566958188062 -0.048124831575 0
0.567636008885 -0.048072350121 0
0.568313822907 -0.048019780905 0
0.56899163016 -0.047967124478 0
0.569669430675 -0.047914381392 0
0.570347224484 -0.047861552198 0
0.571025011619 -0.047808637446 0
0.571702792113 -0.047755637687 0
0.572380565996 -0.047702553472 0
0.573058333304 -0.047649385352 0
0.573736094067 -0.047596133877 0
0.574413848319 -0.0475427996 0
0.575091596093 -0.047489383069 0
0.575769337423 -0.047435884837 0
0.576447072343 -0.047382305454 0
0.577124800886 -0.047328645471 0
0.577802523086 -0.047274905437 0
0.578480238976 -0.047221085899 0
0.579157948571 -0.047167187138 0
0.579835651855 -0.047113209084 0
0.580513348812 -0.047059151645 0
0.581191039424 -0.047005014727 0
0.581868723675 -0.046950798235 0
0.582546401547 -0.046896502077 0
0.583224073024 -0.046842126158 0
0.583901738089 -0.046787670385 0
0.584579396725 -0.046733134665 0
0.585257048914 -0.046678518904 0
0.585934694641 -0.046623823007 0
0.586612333887 -0.046569046882 0
0.587289966635 -0.046514190435 0
0.587967592869 -0.046459253572 0
0.588645212571 -0.046404236199 0
0.589322825723 -0.046349138224 0
0.590000432309 -0.046293959552 0
0.590678032312 -0.046238700089 0
0.591355625713 -0.046183359743 0
0.592033212496 -0.046127938419 0
0.592710792643 -0.046072436024 0
0.593388366137 -0.046016852464 0
0.594065932961 -0.045961187658 0
0.594743493115 -0.045905441728 0
0.595421046615 -0.045849614977 0
0.596098593476 -0.045793707715 0
0.596776133715 -0.045737720249 0
0.597453667347 -0.045681652888 0
0.598131194389 -0.045625505941 0
0.598808714856 -0.045569279717 0
0.599486228765 -0.045512974524 0
0.600163736132 -0.04545659067 0
0.600841236974 -0.045400128465 0
0.601518731307 -0.045343588217 0
0.602196219149 -0.045286970234 0
0.602873700515 -0.045230274825 0
0.603551175424 -0.045173502299 0
0.604228643892 -0.045116652964 0
0.604906105935 -0.045059727128 0
0.605583561573 -0.0450027251 0
0.606261010821 -0.04494564719 0
0.606938453697 -0.044888493704 0
0.607615890219 -0.044831264952 0
0.608293320405 -0.044773961242 0
0.608970744272 -0.044716582883 0
0.609648161834 -0.044659130139 0
0.610325573082 -0.044601602992 0
0.611002977997 -0.044544001316 0
0.611680376559 -0.044486324985 0
0.61235776875 -0.044428573873 0
0.613035154551 -0.044370747854 0
0.613712533942 -0.0443128468 0
0.614389906905 -0.044254870586 0
0.615067273419 -0.044196819085 0
0.615744633466 -0.044138692171 0
0.616421987027 -0.044080489718 0
0.617099334081 -0.044022211599 0
0.617776674611 -0.043963857688 0
0.618454008595 -0.043905427859 0
0.619131336015 -0.043846921985 0
0.619808656852 -0.043788339941 0
0.620485971085 -0.043729681598 0
0.621163278695 -0.043670946833 0
0.621840579663 -0.043612135517 0
0.622517873968 -0.043553247526 0
0.623195161591 -0.043494282731 0
0.623872442513 -0.043435241008 0
0.624549716713 -0.043376122232 0
0.62522698418 -0.04331692638 0
0.62590424492 -0.043257653606 0
0.626581498938 -0.04319830408 0
0.627258746241 -0.043138877972 0
0.627935986835 -0.043079375451 0
0.628613220725 -0.043019796687 0
0.629290447919 -0.04296014185 0
0.629967668422 -0.04290041111 0
0.630644882242 -0.042840604636 0
0.631322089384 -0.042780722598 0
0.631999289855 -0.042720765166 0
0.632676483661 -0.04266073251 0
0.63335367081 -0.0426006248 0
0.634030851308 -0.042540442205 0
0.634708025162 -0.042480184894 0
0.635385192378 -0.042419853038 0
0.636062352964 -0.042359446807 0
0.636739506926 -0.04229896637 0
0.637416654271 -0.042238411897 0
0.638093795007 -0.042177783557 0
0.63877092914 -0.04211708152 0
0.639448056678 -0.042056305957 0
0.640125177629 -0.041995457051 0
0.640802292008 -0.04193453506 0
0.641479399833 -0.041873540266 0
0.642156501121 -0.041812472948 0
0.64283359589 -0.041751333387 0
0.643510684157 -0.041690121864 0
0.644187765939 -0.04162883866 0
0.644864841256 -0.041567484055 0
0.645541910124 -0.04150605833 0
0.646218972561 -0.041444561765 0
0.646896028586 -0.041382994641 0
0.647573078216 -0.041321357238 0
0.648250121471 -0.041259649838 0
0.648927158367 -0.041197872719 0
0.649604188925 -0.041136026164 0
0.650281213161 -0.041074110453 0
0.650958231094 -0.041012125866 0
0.651635242744 -0.040950072683 0
0.652312248129 -0.040887951186 0
0.652989247268 -0.040825761654 0
0.653666240179 -0.040763504368 0
0.654343226882 -0.040701179609 0
0.655020207393 -0.040638787619 0
0.655697181696 -0.040576328314 0
0.656374149761 -0.040513801445 0
0.65705111156 -0.040451206762 0
0.657728067062 -0.040388544014 0
0.658405016237 -0.040325812952 0
0.659081959055 -0.040263013326 0
0.659758895486 -0.040200144886 0
0.660435825498 -0.04013720738 0
0.661112749063 -0.04007420056 0
0.661789666149 -0.040011124176 0
0.662466576726 -0.039947977976 0
0.663143480763 -0.039884761712 0
0.66382037823 -0.039821475132 0
0.664497269095 -0.039758117988 0
0.665174153329 -0.039694690029 0
0.665851030899 -0.039631191004 0
0.666527901776 -0.039567620665 0
0.667204765927 -0.03950397876 0
0.667881623323 -0.039440265041 0
0.66855847393 -0.039376479256 0
0.669235317719 -0.039312621156 0
0.669912154663 -0.039248690543 0
0.670588984771 -0.039184687603 0
0.67126580807 -0.039120612692 0
0.671942624584 -0.039056466165 0
0.672619434342 -0.03899224838 0
0.673296237368 -0.038927959693 0
0.67397303369 -0.038863600461 0
0.674649823333 -0.03879917104 0
0.675326606325 -0.038734671787 0
0.676003382692 -0.038670103058 0
0.676680152461 -0.03860546521 0
0.677356915659 -0.0385407586 0
0.678033672313 -0.038475983584 0
0.67871042245 -0.038411140518 0
0.679387166098 -0.038346229759 0
0.680063903284 -0.038281251664 0
0.680740634035 -0.038216206588 0
0.68141735838 -0.03815109489 0
0.682094076345 -0.038085916923 0
0.682770787959 -0.038020673047 0
0.683447493249 -0.037955363616 0
0.684124192244 -0.037889988987 0
0.684800884959 -0.037824549388 0
0.685477571373 -0.037759044661 0
0.686154251456 -0.037693474572 0
0.68683092518 -0.037627838886 0
0.687507592515 -0.037562137372 0
0.688184253433 -0.037496369795 0
0.688860907903 -0.037430535922 0
0.689537555898 -0.037364635521 0
0.690214197387 -0.037298668356 0
0.690890832342 -0.037232634196 0
0.691567460731 -0.037166532807 0
0.692244082527 -0.037100363956 0
0.6929206977 -0.037034127409 0
0.693597306219 -0.036967822933 0
0.694273908055 -0.036901450294 0
0.694950503178 -0.036835009261 0
0.695627091558 -0.036768499598 0
0.696303673166 -0.036701921073 0
0.696980247971 -0.036635273453 0
0.697656815942 -0.036568556505 0
0.698333377051 -0.036501769994 0
0.699009931268 -0.036434913707 0
0.699686478587 -0.036367987656 0
0.700363019019 -0.036300992012 0
0.701039552572 -0.036233926947 0
0.701716079257 -0.036166792635 0
0.702392599084 -0.036099589248 0
0.703069112063 -0.036032316961 0
0.703745618205 -0.035964975944 0
0.704422117518 -0.035897566373 0
0.705098610014 -0.035830088419 0
0.705775095703 -0.035762542257 0
0.706451574596 -0.035694928057 0
0.707128046702 -0.035627245995 0
0.707804512032 -0.035559496242 0
0.708480970596 -0.035491678972 0
0.709157422406 -0.035423794358 0
0.709833867471 -0.035355842572 0
0.710510305803 -0.035287823788 0
0.711186737412 -0.035219738178 0
0.711863162308 -0.035151585916 0
0.712539580504 -0.035083367174 0
0.713215992009 -0.035015082129 0
0.713892396842 -0.034946731028 0
0.71456879503 -0.034878314195 0
0.715245186599 -0.034809831957 0
0.715921571576 -0.034741284641 0
0.716597949988 -0.034672672575 0
0.717274321862 -0.034603996085 0
0.717950687224 -0.0345352555 0
0.718627046103 -0.034466451145 0
0.719303398524 -0.034397583348 0
0.719979744517 -0.034328652437 0
0.720656084107 -0.034259658738 0
0.721332417322 -0.034190602579 0
0.722008744191 -0.034121484287 0
0.722685064741 -0.034052304188 0
0.723361378999 -0.03398306261 0
0.724037686993 -0.03391375988 0
0.724713988752 -0.033844396325 0
0.725390284303 -0.033774972272 0
0.726066573675 -0.033705488048 0
0.726742856895 -0.033635943981 0
0.72741913399 -0.033566340362 0
0.728095404934 -0.033496677019 0
0.728771669671 -0.033426953446 0
0.729447928143 -0.033357169129 0
0.730124180291 -0.033287323555 0
0.730800426056 -0.03321741621 0
0.73147666538 -0.033147446581 0
0.732152898203 -0.033077414155 0
0.732829124466 -0.033007318417 0
0.733505344111 -0.032937158856 0
0.734181557077 -0.032866934957 0
0.734857763305 -0.032796646208 0
0.735533962736 -0.032726292094 0
0.73621015531 -0.032655872102 0
0.736886340966 -0.03258538572 0
0.737562519645 -0.032514832434 0
0.738238691286 -0.032444211731 0
0.738914855828 -0.032373523097 0
0.739591013212 -0.032302766019 0
0.740267163376 -0.032231939984 0
0.74094330626 -0.03216104448 0
0.741619441823 -0.032090079197 0
0.742295570092 -0.032019044445 0
0.742971691102 -0.031947940643 0
0.743647804892 -0.031876768214 0
0.744323911499 -0.031805527579 0
0.74500001096 -0.031734219158 0
0.745676103312 -0.031662843373 0
0.746352188594 -0.031591400646 0
0.747028266843 -0.031519891398 0
0.747704338098 -0.031448316049 0
0.748380402396 -0.031376675022 0
0.749056459775 -0.031304968737 0
0.749732510275 -0.031233197616 0
0.750408553932 -0.031161362079 0
0.751084590787 -0.031089462548 0
0.751760620878 -0.031017499444 0
0.752436644243 -0.030945473189 0
0.753112660922 -0.030873384203 0
0.753788670953 -0.030801232907 0
0.754464674376 -0.030729019723 0
0.755140671219 -0.030656744969 0
0.755816661453 -0.030584408431 0
0.756492645032 -0.030512009728 0
0.75716862191 -0.030439548478 0
0.757844592039 -0.030367024298 0
0.758520555372 -0.030294436805 0
0.759196511862 -0.030221785617 0
0.759872461462 -0.030149070352 0
0.760548404125 -0.030076290627 0
0.761224339803 -0.03000344606 0
0.761900268448 -0.029930536269 0
0.762576190014 -0.029857560871 0
0.763252104452 -0.029784519485 0
0.763928011714 -0.029711411727 0
0.764603911753 -0.029638237215 0
0.76527980452 -0.029564995568 0
0.765955689968 -0.029491686402 0
0.766631568047 -0.029418309336 0
0.767307438709 -0.029344863987 0
0.767983301907 -0.029271349974 0
0.768659157614 -0.029197767137 0
0.76933500588 -0.029124115974 0
0.770010846763 -0.029050397101 0
0.770686680324 -0.028976611135 0
0.771362506625 -0.028902758693 0
0.772038325725 -0.028828840391 0
0.772714137686 -0.028754856847 0
0.77338994257 -0.028680808676 0
0.774065740436 -0.028606696496 0
0.774741531348 -0.028532520923 0
0.775417315366 -0.028458282574 0
0.776093092552 -0.028383982065 0
0.77676886297 -0.028309620012 0
0.77744462668 -0.028235197033 0
0.778120383745 -0.028160713744 0
0.778796134228 -0.028086170761 0
0.779471878192 -0.028011568701 0
0.780147615699 -0.027936908181 0
0.780823346813 -0.027862189816 0
0.781499071589 -0.027787414162 0
0.782174790009 -0.027712581088 0
0.782850502004 -0.027637690031 0
0.783526207508 -0.02756274042 0
0.784201906451 -0.027487731686 0
0.784877598765 -0.027412663259 0
0.785553284381 -0.02733753457 0
0.78622896323 -0.027262345049 0
0.786904635244 -0.027187094126 0
0.787580300353 -0.027111781231 0
0.788255958488 -0.027036405795 0
0.78893160958 -0.026960967249 0
0.789607253558 -0.026885465022 0
0.790282890353 -0.026809898545 0
0.790958519896 -0.026734267249 0
0.791634142115 -0.026658570563 0
0.792309756942 -0.026582807919 0
0.792985364304 -0.026506978747 0
0.793660964132 -0.026431082477 0
0.794336556359 -0.026355118569 0
0.795012140955 -0.02627908683 0
0.795687717918 -0.026202987299 0
0.796363287246 -0.026126820016 0
0.797038848936 -0.026050585025 0
0.797714402987 -0.025974282368 0
0.798389949397 -0.025897912087 0
0.799065488163 -0.025821474224 0
0.799741019284 -0.02574496882 0
0.800416542757 -0.02566839592 0
0.80109205858 -0.025591755563 0
0.801767566752 -0.025515047794 0
0.802443067269 -0.025438272653 0
0.803118560131 -0.025361430183 0
0.803794045335 -0.025284520426 0
0.80446952288 -0.025207543425 0
0.805144992762 -0.025130499221 0
0.805820454981 -0.025053387857 0
0.806495909534 -0.024976209374 0
0.807171356427 -0.024898963876 0
0.807846795687 -0.02482165167 0
0.808522227349 -0.024744273103 0
0.809197651444 -0.024666828524 0
0.809873068007 -0.024589318281 0
0.810548477072 -0.024511742722 0
0.811223878671 -0.024434102196 0
0.811899272839 -0.024356397051 0
0.812574659609 -0.024278627634 0
0.813250039016 -0.024200794295 0
0.813925411093 -0.024122897382 0
0.814600775875 -0.024044937242 0
0.815276133395 -0.023966914225 0
0.815951483689 -0.023888828677 0
0.81662682679 -0.023810680948 0
0.817302162733 -0.023732471385 0
0.817977491553 -0.023654200336 0
0.818652813284 -0.02357586815 0
0.819328127951 -0.023497475089 0
0.820003435527 -0.023419020965 0
0.820678735967 -0.023340505443 0
0.821354029227 -0.023261928191 0
0.822029315262 -0.023183288873 0
0.822704594028 -0.023104587158 0
0.82337986548 -0.02302582271 0
0.824055129573 -0.022946995196 0
0.824730386261 -0.022868104282 0
0.8254056355 -0.022789149635 0
0.826080877246 -0.02271013092 0
0.826756111451 -0.022631047805 0
0.827431338072 -0.022551899954 0
0.828106557063 -0.022472687036 0
0.828781768377 -0.022393408715 0
0.829456971971 -0.022314064658 0
0.830132167797 -0.022234654532 0
0.83080735581 -0.022155178003 0
0.831482535971 -0.022075634798 0
0.832157708256 -0.021996024769 0
0.832832872644 -0.021916347784 0
0.83350802911 -0.021836603709 0
0.834183177634 -0.021756792413 0
0.834858318191 -0.021676913764 0
0.835533450761 -0.021596967628 0
0.836208575321 -0.021516953873 0
0.836883691847 -0.021436872368 0
0.837558800318 -0.021356722979 0
0.83823390071 -0.021276505574 0
0.838908993001 -0.021196220021 0
0.839584077169 -0.021115866188 0
0.840259153189 -0.021035443941 0
0.840934221041 -0.020954953149 0
0.8416092807 -0.02087439368 0
0.842284332144 -0.0207937654 0
0.842959375366 -0.02071306831 0
0.843634410419 -0.020632302918 0
0.844309437372 -0.020551469849 0
0.844984456292 -0.020470569733 0
0.845659467249 -0.020389603196 0
0.84633447031 -0.020308570865 0
0.847009465546 -0.02022747337 0
0.847684453024 -0.020146311336 0
0.848359432815 -0.020065085392 0
0.849034404987 -0.019983796165 0
0.84970936961 -0.019902444282 0
0.850384326755 -0.01982103037 0
0.85105927649 -0.019739555058 0
0.851734218886 -0.019658018972 0
0.852409154014 -0.019576422739 0
0.853084081943 -0.019494766988 0
0.853759002744 -0.019413052338 0
0.854433916426 -0.019331278905 0
0.855108822894 -0.019249445956 0
0.855783722044 -0.019167552682 0
0.856458613773 -0.019085598272 0
0.857133497977 -0.019003581913 0
0.857808374551 -0.018921502796 0
0.858483243391 -0.018839360109 0
0.859158104391 -0.018757153041 0
0.859832957447 -0.018674880781 0
0.860507802453 -0.018592542519 0
0.861182639304 -0.018510137444 0
0.861857467894 -0.018427664744 0
0.862532288116 -0.018345123609 0
0.863207099865 -0.018262513228 0
0.863881903034 -0.018179832791 0
0.864556697516 -0.018097081486 0
0.86523148322 -0.018014258627 0
0.865906260097 -0.017931363889 0
0.866581028108 -0.017848397009 0
0.867255787212 -0.017765357727 0
0.867930537371 -0.017682245782 0
0.868605278543 -0.017599060912 0
0.869280010688 -0.017515802857 0
0.869954733766 -0.017432471354 0
0.870629447737 -0.017349066144 0
0.87130415256 -0.017265586965 0
0.871978848195 -0.017182033556 0
0.8726535346 -0.017098405656 0
0.873328211736 -0.017014703004 0
0.874002879561 -0.016930925339 0
0.874677538035 -0.0168470724 0
0.875352187119 -0.016763143951 0
0.876026826874 -0.016679140544 0
0.876701457476 -0.016595063657 0
0.877376079106 -0.016510914817 0
0.878050691949 -0.016426695554 0
0.878725296187 -0.016342407397 0
0.879399892005 -0.016258051875 0
0.880074479587 -0.016173630516 0
0.880749059118 -0.016089144849 0
0.881423630784 -0.016004596404 0
0.88209819477 -0.015919986708 0
0.882772751262 -0.015835317291 0
0.883447300448 -0.015750589681 0
0.884121842514 -0.015665805405 0
0.884796377647 -0.015580965994 0
0.885470906033 -0.015496072955 0
0.886145427687 -0.015411126442 0
0.886819942348 -0.015326124417 0
0.887494449728 -0.015241064642 0
0.888168949541 -0.015155944879 0
0.888843441499 -0.01507076289 0
0.889517925312 -0.014985516437 0
0.890192400691 -0.014900203283 0
0.890866867347 -0.01481482119 0
0.891541324988 -0.01472936792 0
0.892215773324 -0.014643841235 0
0.892890212062 -0.014558238899 0
0.89356464091 -0.014472558674 0
0.894239059573 -0.014386798323 0
0.894913467758 -0.014300955608 0
0.895587865203 -0.014215028557 0
0.896262251931 -0.014129017443 0
0.896936628114 -0.014042923677 0
0.897610993921 -0.013956748682 0
0.898285349524 -0.013870493877 0
0.898959695097 -0.013784160684 0
0.899634030811 -0.013697750522 0
0.90030835684 -0.013611264813 0
0.900982673358 -0.013524704976 0
0.901656980539 -0.013438072432 0
0.902331278557 -0.013351368603 0
0.903005567588 -0.013264594907 0
0.903679847807 -0.013177752765 0
0.904354119391 -0.013090843597 0
0.905028382495 -0.013003868672 0
0.90570263712 -0.012916828035 0
0.906376883188 -0.012829721134 0
0.907051120619 -0.012742547416 0
0.907725349337 -0.012655306328 0
0.908399569263 -0.012567997314 0
0.909073780317 -0.012480619822 0
0.909747982421 -0.012393173297 0
0.910422175495 -0.012305657185 0
0.911096359461 -0.012218070933 0
0.91177053424 -0.012130413987 0
0.91244469975 -0.012042685794 0
0.913118855913 -0.011954885798 0
0.913793002651 -0.011867013459 0
0.914467139953 -0.011779068761 0
0.915141267904 -0.011691052419 0
0.915815386598 -0.011602965203 0
0.916489496128 -0.011514807881 0
0.917163596587 -0.011426581222 0
0.917837688068 -0.011338285995 0
0.918511770664 -0.011249922969 0
0.919185844471 -0.011161492913 0
0.919859909582 -0.011072996595 0
0.920533966091 -0.010984434785 0
0.921208014093 -0.01089580825 0
0.921882053683 -0.01080711776 0
0.922556084943 -0.010718363988 0
0.923230107753 -0.010629546067 0
0.923904121828 -0.010540661885 0
0.924578126879 -0.010451709296 0
0.925252122615 -0.010362686154 0
0.925926108744 -0.010273590312 0
0.926600084975 -0.010184419624 0
0.927274051015 -0.010095171945 0
0.927948006571 -0.010005845127 0
0.928621951348 -0.009916437025 0
0.929295885052 -0.009826945494 0
0.929969807387 -0.009737368387 0
0.930643718062 -0.009647703606 0
0.931317617023 -0.00955795082 0
0.931991504515 -0.00946811197 0
0.932665380807 -0.009378189144 0
0.933339246167 -0.009288184431 0
0.934013100864 -0.009198099919 0
0.934686945167 -0.009107937696 0
0.935360779347 -0.009017699851 0
0.936034603676 -0.008927388471 0
0.936708418426 -0.008837005645 0
0.937382223868 -0.008746553461 0
0.938056020276 -0.008656034006 0
0.938729807884 -0.008565449063 0
0.939403586669 -0.008474798528 0
0.940077356515 -0.008384081572 0
0.940751117304 -0.008293297368 0
0.941424868916 -0.008202445088 0
0.942098611233 -0.008111523903 0
0.942772344136 -0.008020532986 0
0.943446067505 -0.007929471507 0
0.944119781222 -0.007838338638 0
0.944793485166 -0.007747133552 0
0.945467179217 -0.007655855421 0
0.946140863244 -0.007564503341 0
0.946814537071 -0.007473076061 0
0.947488200503 -0.007381572225 0
0.948161853347 -0.007289990478 0
0.948835495411 -0.007198329466 0
0.9495091265 -0.007106587833 0
0.95018274642 -0.007014764225 0
0.950856354976 -0.006922857287 0
0.951529951972 -0.006830865665 0
0.952203537212 -0.006738788003 0
0.952877110524 -0.006646623125 0
0.953550671998 -0.006554371775 0
0.954224221886 -0.006462035867 0
0.954897760442 -0.006369617332 0
0.95557128792 -0.006277118101 0
0.956244804576 -0.006184540105 0
0.956918310666 -0.006091885274 0
0.957591806448 -0.00599915554 0
0.958265292179 -0.005906352833 0
0.958938768116 -0.005813479083 0
0.959612234462 -0.005720535807 0
0.960285691244 -0.005627523258 0
0.960959138457 -0.005534441454 0
0.961632576097 -0.005441290409 0
0.962306004158 -0.005348070141 0
0.962979422635 -0.005254780664 0
0.963652831523 -0.005161421994 0
0.964326230817 -0.005067994148 0
0.964999620511 -0.004974497137 0
0.965673000394 -0.004880929486 0
0.966346369745 -0.004787286073 0
0.967019727765 -0.00469356122 0
0.967693073654 -0.004599749253 0
0.968366406609 -0.004505844498 0
0.969039725825 -0.004411841281 0
0.969713030493 -0.004317733927 0
0.970386319805 -0.004223516764 0
0.971059593267 -0.004129186407 0
0.97173285202 -0.004034751121 0
0.972406097725 -0.003940222863 0
0.97307933205 -0.003845613588 0
0.973752556667 -0.003750935254 0
0.974425773251 -0.003656199816 0
0.97509898348 -0.00356141923 0
0.975772189005 -0.003466605237 0
0.97644539 -0.003371759088 0
0.977118584521 -0.003276866999 0
0.977791770457 -0.003181914026 0
0.978464945693 -0.003086885226 0
0.979138108109 -0.002991765655 0
0.97981125558 -0.002896540373 0
0.980484386059 -0.002801195065 0
0.981157499533 -0.002705729768 0
0.981830598014 -0.002610158822 0
0.982503683612 -0.002514497182 0
0.983176758442 -0.002418759805 0
0.983849824623 -0.002322961646 0
0.984522884253 -0.002227117466 0
0.985195937886 -0.00213123119 0
0.985868983749 -0.00203529038 0
0.986542019867 -0.001939281239 0
0.987215044264 -0.00184318997 0
0.987888054959 -0.001747002779 0
0.98856105013 -0.001650707032 0
0.989234028861 -0.001554296463 0
0.989906990545 -0.001457766971 0
0.990579934572 -0.001361114458 0
0.991252860333 -0.001264334865 0
0.991925769284 -0.001167438453 0
0.992598668014 -0.001070471078 0
0.993271563909 -0.000973484034 0
0.993944464348 -0.000876528524 0
0.994617371126 -0.000779617018 0
0.995290271665 -0.000682662202 0
0.995963151081 -0.000585560916 0
0.996635996255 -0.000488222651 0
0.997308805176 -0.000390634108 0
0.997981580411 -0.000292813606 0
0.998654352943 -0.000194974516 0
0.999327195095 -9.7615499e-05 0
1 -0 0
